10000
8020
5540
1334
174
2590
3315
3053
1619
9768
4937
7750
2794
3156
3568
3453
2767
2821
9837
9388
2638
211
9239
7483
390
2069
9160
1735
3001
3143
9629
1004
1980
3051
9798
4412
4442
1885
7535
6319
1873
9743
3360
9155
6691
1130
5890
8585
6820
8080
1032
3774
9392
3195
8454
162
1728
525
9669
9309
3159
2898
3115
2767
7344
248
3097
7744
8855
3618
7820
4424
7696
1768
8126
8067
1999
9680
5400
5235
1775
2991
7161
4165
9446
481
2294
3845
3305
7014
6228
5428
743
9271
6847
2421
3633
9608
3959
741
2984
2389
7382
9143
4840
9397
8230
8585
7275
524
2203
5776
3528
9618
7431
5931
3828
1787
1527
6446
7573
9202
8741
9839
4190
1558
5910
423
353
9103
2118
8714
6991
614
889
9407
1948
2161
1478
8129
3155
4285
9786
8783
1768
4998
1677
9648
1457
1940
9887
3062
6062
4445
5236
7050
3569
139
2506
4104
7017
9533
3733
9783
1896
4422
8714
859
9307
9883
873
7298
2802
1627
8823
6274
5698
2369
9493
7666
6003
7459
3576
3828
4411
1164
815
9577
4780
4167
4189
5606
4755
4218
3135
262
5074
2865
2204
8129
565
3203
9
1812
134
37
4982
4424
4632
4153
2051
4289
6954
3749
7871
1713
5351
2078
388
6913
2586
5768
9221
5617
2685
4517
3335
7343
7612
5106
9106
2513
8973
1845
1890
1370
707
3327
8308
4344
1901
3102
6464
2870
789
5749
3127
7297
6011
5692
3705
9915
1227
6655
3367
3633
3670
6308
3145
9636
9177
7433
5746
6761
8259
3004
8796
479
6822
8273
347
3433
7629
3347
2667
2488
7415
4431
6379
7278
9459
6759
8018
736
7425
9390
1148
533
4321
7030
4836
9688
4299
311
7950
8466
9330
1558
2880
961
7641
8944
1931
9737
1921
2795
8712
7353
3971
8304
9416
7890
9644
3658
7390
2821
2455
3088
95
7295
1072
8468
4630
4761
4554
5347
794
3154
5345
8489
6761
6253
7643
3819
3846
8759
8548
7280
9114
3592
5816
8422
8201
7816
3937
5339
7049
7877
6091
8247
4088
1024
8696
4058
7510
1047
6362
9650
1466
4345
8306
8604
6279
2272
8695
3914
4461
7480
7232
2734
1767
4832
1226
5095
8791
7775
1580
6126
7582
1210
5469
4337
7853
5622
9250
8088
4382
5737
1989
1568
3674
527
9373
1536
6085
5216
1043
8021
2212
7264
6497
2043
5191
3658
9646
5331
7446
3539
3965
8416
5244
1704
8754
6795
8412
5728
8911
125
7740
8162
6485
5959
4644
483
4467
8033
3798
9219
5302
4253
4832
5999
58
6100
3734
8780
7381
1151
7870
3301
5014
4490
72
399
9814
3572
1893
5747
72
2267
3012
5351
1323
8919
2913
5489
8094
6100
8873
3675
5646
9422
3951
6638
394
9680
7330
8665
3378
3628
7722
9289
597
4684
5386
4325
9064
2098
4757
745
8494
3672
3858
2443
7740
147
2111
3739
762
7751
1933
6112
2199
2791
5551
7973
884
7013
2028
3371
6642
7868
6873
6042
3123
9188
3582
1620
7907
675
1008
4103
9803
8543
2634
1170
4081
4413
4018
6401
8186
9249
947
3868
4282
2891
6263
5211
6380
6012
1655
4264
2956
7982
2137
1408
5863
2220
6276
1743
7152
1168
3615
175
7052
552
3883
386
7717
9274
210
1342
5693
7497
5479
3819
2396
9077
5348
9282
8965
3210
5936
9551
3713
9993
927
8342
4111
5819
7133
7753
9327
1664
594
7494
9562
4862
4988
8499
860
7700
8816
9270
8328
6097
4316
3095
4277
6434
6454
1618
9540
3549
4834
7721
9818
4696
7876
4831
7221
5871
5999
8477
2044
4847
8346
4122
7780
8346
7098
9270
5632
2332
2665
6098
4704
7128
4809
5247
4338
6826
1546
2167
2311
3813
58
333
4705
8446
9388
6947
7080
5326
9854
6787
6206
5421
5370
1408
6929
1949
9813
5588
29
8832
3712
5494
7533
7995
9262
7321
2144
7690
8936
3667
4654
8005
6378
5769
2782
9693
1910
5771
4059
1094
8919
2297
5560
5328
4785
2072
1262
293
2201
4597
4430
1313
6840
4654
550
3803
1699
6747
1310
3458
2910
5479
3134
4090
699
2643
2890
9862
2128
8169
3586
8310
7541
6524
5142
3963
9444
92
8216
1595
9326
4740
7011
7058
9996
2858
9518
3816
6167
3162
7054
9998
8553
204
2683
3156
8907
8620
8737
7073
110
9478
2788
6178
7883
1390
7171
6756
5046
2135
8452
7581
4453
7203
2828
3145
817
7019
7401
7666
7820
8771
5511
4139
9188
4779
7490
9810
3767
2122
1055
1489
1240
4851
3544
597
4811
980
4954
7151
7100
7029
9595
1247
8776
5416
6698
527
8398
2008
1767
2072
3149
3560
7871
5848
9756
91
1061
8445
8677
1130
2184
6070
4616
9454
6127
1162
3141
1535
710
3355
1321
4144
6345
3563
7618
6751
4384
9397
5705
3027
379
5790
9286
2606
2046
3250
43
4927
1772
4576
9578
8780
9969
6676
3782
1127
2110
3628
8769
2113
7876
3804
6201
736
225
7806
1905
3409
1365
6182
807
1585
7137
5135
6819
4363
5004
3621
8834
9224
89
3022
6485
2355
4746
9236
1293
8321
3361
1927
8223
4109
1013
810
733
1735
5167
3795
2097
786
2215
4088
6427
7884
5651
3543
7193
6456
1496
19
9353
7292
8303
1829
9635
4223
1441
9789
9136
8454
1582
545
9172
5898
3275
1321
9420
8429
7979
4746
4365
9581
6833
5477
4884
3419
9223
8845
3460
9383
6012
8455
2921
5788
8482
8543
2064
8572
6866
8441
4871
5735
6000
2994
1919
3813
2283
1824
6425
1476
8383
1451
9689
5645
6667
7337
1297
3816
3295
3339
1183
1841
3361
4001
7015
7836
6065
2862
2447
1001
1075
3645
6663
4914
5031
5820
31
7922
1629
120
1880
4839
6953
4074
5638
8774
7959
2320
3656
8264
1124
8102
7839
391
4556
3860
5525
4163
8129
1901
2954
9624
8654
5916
3712
6439
9161
9572
6919
9361
6090
1325
8446
6508
2717
4079
7822
223
5395
2566
7901
4595
2342
9911
3929
365
5060
4718
2106
4056
9223
318
1799
6874
2844
3200
3947
6741
4667
6400
6751
4299
5523
8884
7811
1273
9088
610
1000
9370
8730
5580
9674
4523
504
9380
4454
8157
9437
8101
7609
4722
4299
5471
1659
6826
6426
1328
4006
6710
5971
1308
3969
1823
4375
3072
9980
357
952
8764
238
7037
200
4394
8632
4548
6372
8604
7923
9881
7840
924
888
1386
9143
1972
2991
5015
2321
1022
5648
9329
8984
5247
8188
7565
4929
7656
3041
1466
137
7930
3812
4604
7555
5199
65
7457
2535
7246
4189
3765
4190
9338
1726
354
4525
3637
4293
429
7152
5394
7847
7202
9760
350
1275
4706
636
1798
3756
3489
5772
4033
8823
4987
6526
6084
5581
4226
6813
4706
3926
1065
6163
6487
2590
4790
3610
5034
6977
5479
2643
1218
2731
9096
7573
8841
8978
5654
1292
34
9182
1563
1425
49
6781
7233
1043
9774
5827
6708
1935
893
7543
3293
2180
4385
8733
1000
7840
5043
8141
7902
3511
3994
3386
2319
324
3916
6242
7219
9566
5798
1147
2453
1472
5382
6418
3959
1070
3943
4981
1032
2104
9536
4706
9518
2699
1136
5709
1755
4613
5098
129
10000
9309
3412
47
6967
8809
9359
6207
6904
7171
9454
3770
4105
4017
4468
2309
8053
1119
8105
5661
6305
7644
9572
7345
6051
8493
284
6770
8306
4195
7404
2517
5248
7441
9890
6024
8820
8180
4968
8612
286
5343
1492
8562
9848
4854
6790
678
1474
8532
129
857
4126
6455
5291
6198
4011
2087
2268
1589
4220
8347
8991
7214
9771
3256
6280
6387
2394
2501
5906
9532
3572
7616
4832
4867
9504
9295
4329
8552
138
8319
3410
993
4532
7967
7487
6046
6852
1997
1152
5880
8994
8592
1552
767
2637
1718
485
4523
2249
242
555
5365
721
1395
4378
6576
5176
8810
5533
7437
5532
6624
2157
9756
1247
3106
4497
6055
1875
7269
3800
9359
4156
5351
2860
8460
4450
5686
3053
1785
266
5627
7158
7929
4126
2910
81
1221
6106
6838
3510
1656
3953
6642
1481
3343
8094
789
5857
5748
3486
3494
4461
1736
22
2504
9449
480
2047
184
8714
9225
8925
6008
3599
1149
9744
787
201
2875
5140
2192
1916
1089
7955
2113
81
4499
8042
3548
3969
9455
2684
959
369
2788
7997
6431
3342
8496
1469
7509
7418
8212
1654
8033
1842
8263
6061
8959
7583
4112
4302
2465
7027
6236
2281
1529
164
2530
2750
8873
7200
7469
9129
2365
8445
9303
2655
7784
8406
2227
8670
6190
2288
6776
3931
9845
4879
6698
2455
6042
1439
8573
8013
9001
4237
4321
3543
9778
4348
7280
4347
9176
577
1011
8408
4454
6825
1965
972
2880
6153
8395
259
1609
8633
2658
2798
6309
3019
3650
8912
7320
7605
2269
8683
4686
1012
8936
9763
8951
8238
2843
6375
7685
2875
2412
9130
1247
8617
9717
7913
9378
1038
3419
7879
2870
7886
9691
9431
1548
3976
7999
553
295
3199
8575
2086
2468
4485
6109
4741
3924
8943
2548
5920
3761
2019
3254
344
7984
8546
4681
9105
4470
7594
9648
6427
8081
1743
9449
8888
3593
3254
3224
2897
8533
9248
8759
7396
1970
298
5522
6583
2397
5753
1762
4313
5857
4377
7957
6466
9831
4188
8750
3656
2381
8365
6174
3793
9048
8403
9174
6503
7633
8803
9241
111
4732
2450
9453
741
1441
8406
7084
7205
3881
2278
2712
4235
6209
3906
4768
1503
3268
4987
109
3681
1162
2195
9203
9889
723
9897
5594
9336
7700
3880
4683
1892
9548
5620
3100
4517
861
3786
8738
3698
8760
8380
4960
7380
8838
3488
7687
7351
3058
9683
1862
5751
2784
6515
5041
3202
2941
4365
2324
826
4055
2034
5485
3310
60
5513
945
6001
3280
4611
9596
8539
3509
1718
3487
4204
4723
4307
1531
5909
9904
9635
8341
3976
1424
6417
7450
4587
5550
294
415
2692
1501
9665
9018
8802
4600
8495
9544
396
8
7057
2129
289
1998
4844
2151
8077
7681
8478
3381
5479
7704
5301
1577
427
2079
9938
6193
5184
4911
8646
94
5034
9677
4453
1018
2867
4175
1180
6399
1103
1685
9974
6317
9728
6556
3156
5855
4535
8727
5103
3396
3686
2308
6934
8528
7307
6803
3557
847
9599
1139
1818
6744
475
9954
1342
7109
3184
2629
3565
7953
1510
8492
9881
876
6326
3612
6316
1431
5279
8966
5677
6710
7391
5120
4225
3255
3188
2942
1959
3405
3987
263
880
1623
1027
2688
27
9950
1758
4605
2411
9823
8768
5071
27
3343
9170
8808
5856
6684
7199
1833
8807
651
7487
9082
238
84
2268
6136
1128
6313
5846
402
1114
882
7704
4724
6937
9169
3506
489
5538
3204
2567
1026
7112
4587
3692
762
5378
2065
2613
4798
9166
9741
9115
2973
9783
1143
7539
8581
1418
6803
1313
1486
3174
6130
9114
3925
6180
6653
6870
5629
3022
8388
1478
6004
9715
6238
3883
7559
9723
1454
2096
8489
3390
2349
1659
5826
4638
6409
1655
814
8928
9649
8561
9425
3243
9861
6296
8399
3752
1931
6738
6658
1450
2090
4703
72
807
786
4431
6582
7817
9759
8079
7593
7062
6043
4335
8173
4015
9284
8777
7551
5696
7903
2917
8552
7053
8207
3555
7146
7918
6694
203
2468
301
4975
3682
7817
7862
384
6531
3488
5139
5350
500
4041
6245
1815
7873
6
9336
2323
1101
7758
3799
4551
6859
1137
9372
2026
8942
3744
1112
7143
6587
7204
2186
974
5950
236
8130
107
5242
8865
8197
9331
5998
5897
8972
5208
1879
5804
8921
2094
8506
9766
7162
3529
5703
1068
5031
3315
6023
7655
6824
4246
6934
4914
8028
5313
9536
3637
7905
3190
9395
161
5677
1926
6440
1565
5835
1297
8449
1956
500
2208
671
2101
4429
67
8088
5584
6706
9882
7246
335
5229
3446
9869
1262
4827
7455
9637
3449
2985
3924
5256
1555
9288
3802
8022
4672
6778
5944
1288
6843
589
9745
3981
1829
4389
4516
8312
4988
3723
9020
8840
8826
6563
8128
8897
2108
7818
4810
9176
9442
3647
4877
2966
9577
4282
227
3341
2822
4069
6551
2054
513
8834
4814
5724
8643
913
6182
8814
8595
7898
1282
6972
5597
2187
6418
6861
9186
6841
3471
629
4202
387
8167
9081
168
4655
5350
3146
9651
6292
7720
2999
4483
2415
407
5398
7673
8279
7860
4349
5139
5329
843
3358
5865
9772
6293
7145
4252
5514
8304
460
224
5231
9799
1579
7224
2273
5561
336
2451
2838
3215
9588
2236
429
8834
2595
4481
9207
385
4710
8470
149
5006
7318
7095
6645
1699
882
6825
5252
8361
5277
4556
272
9167
6331
8185
9163
817
8362
6975
8346
3994
8225
4451
6547
8752
2325
9349
9916
8977
5576
3097
2242
4740
9341
2449
3548
7851
6732
9383
7189
720
9910
9731
2596
6948
7286
4683
1707
7308
81
6613
2048
7990
8656
8663
1830
6871
408
3448
6011
5582
5845
4298
1485
5880
9024
4949
1887
5963
9834
3097
2541
3127
2258
2415
4833
1465
8945
7994
8844
7957
9898
5385
3475
1335
841
2936
3936
7116
2426
7776
7995
9876
9358
9656
4294
6129
5792
8172
7792
1470
3255
891
2253
1413
5644
9696
8362
6552
4158
1763
3103
333
6817
1636
3495
9324
5003
3347
1007
6342
1907
1867
5397
8060
2971
2466
7358
1687
4498
2715
1597
3338
949
853
8970
4303
9992
6426
7162
1021
923
5400
2971
354
62
5168
8988
6136
5147
1017
4373
6232
3902
5983
7364
8496
4824
8158
8071
8436
2687
1317
5788
4346
8342
5401
884
4196
7930
2858
9697
8289
4932
2128
9673
9749
7111
9035
4991
1542
9976
3904
4681
8453
1796
2190
833
4737
5373
2607
8750
7482
238
3238
1205
1746
3681
3728
3506
4226
4756
7049
1811
9517
7047
8692
3285
5410
2733
3314
1736
6814
4935
8959
4883
4941
6298
8537
3771
2431
5
6660
7239
1187
6183
6350
2333
837
4250
2763
8529
3621
2329
9212
6682
4105
6980
7327
3570
3036
2636
1116
8578
6349
5852
870
303
8612
7897
2931
1500
9855
784
9362
9030
1957
4030
8311
2696
9735
3688
3865
6135
4796
4442
8401
5596
8711
9206
6071
3972
6396
6411
9884
4739
9858
481
833
1669
5760
3926
6298
555
7470
5252
9537
3289
5163
6848
4627
7151
7912
2465
3103
903
4449
343
1505
7872
8988
5025
1390
4127
3876
8932
7763
8648
5007
3307
7578
8453
8512
1257
250
3179
3152
7155
8958
1953
2944
583
4015
3796
5569
213
6012
8437
7019
9033
2995
320
4381
9309
430
381
9452
6278
7586
3679
8868
7589
8895
5284
900
1182
4121
6114
5907
3729
1640
7602
4920
2810
378
5810
5357
3772
4526
5231
1831
4379
6791
7791
3367
8737
1999
8632
5064
2507
9484
6168
6226
5611
7343
8582
5097
4801
5885
2716
7017
4198
9634
2564
5600
3881
6945
2057
4263
4013
5191
4769
7689
7665
564
4535
6043
5953
3034
9653
1017
299
2653
3512
801
7864
1291
881
6724
9022
6976
3297
6593
4992
7964
8548
2937
5039
696
1449
4281
8420
2691
3810
7032
1408
44
7389
3524
7383
6817
151
561
2160
9241
1606
230
2312
1430
5046
5006
4755
3184
7687
8297
2092
3345
6351
5442
7992
4578
8885
1339
1742
1856
9893
9928
5063
1693
3793
507
9967
3805
5663
2052
6603
9056
9888
1128
3406
7766
3384
1199
4029
8515
7133
3411
6959
2278
4044
9412
5294
2053
7770
4494
3900
1816
8065
717
4722
3192
3559
899
7577
7575
323
4511
3998
5994
7767
2644
8365
7827
7286
3698
5513
8729
8907
9774
9650
3822
1897
434
7684
3819
5397
569
7372
8135
4484
8612
9803
9690
8537
5232
475
2601
3707
5410
6524
1004
7431
9416
1023
8038
440
6656
955
1867
7601
1652
1238
7667
6464
2289
7566
8216
3133
260
1156
8131
5390
4543
219
5918
3505
2370
6166
7417
5568
8983
3842
4727
4320
9488
9627
4186
2301
7706
5388
505
6885
1656
3764
3650
9589
2637
9621
102
1000
3958
9882
1847
4182
7120
7356
2494
3245
4905
2075
874
229
8998
9742
3512
9207
4358
4022
876
5036
396
5450
6366
8493
8174
748
1670
3940
8742
3109
680
267
3163
7233
4449
3540
5068
1098
8490
7341
44
9009
2588
8352
4466
3797
356
4832
5075
7877
2249
5581
5409
1717
853
7824
7347
5949
7194
471
9638
2136
8795
9562
7569
8349
8788
9388
5167
5340
1974
583
4799
8653
7776
1444
9710
5136
7001
3746
7725
4787
7582
7487
5004
6127
5141
1943
8295
1448
9219
4739
113
4415
3319
3619
483
6955
6384
3192
5075
2540
2318
3736
3063
5902
8758
7762
3103
2802
6177
5398
4848
2296
6074
1691
2475
4305
2673
2238
9968
2948
9792
4691
6785
4571
1313
7259
4870
4598
1838
9635
7002
2893
9003
2332
2409
149
384
5414
3360
6103
1298
9330
8172
1355
4251
446
3036
8605
6583
7649
7846
5471
8571
2199
6308
5689
8626
851
7260
7686
1911
4302
4042
5137
8483
4619
2590
9033
5587
4263
9985
9534
9980
6939
1004
8296
1606
4326
1381
3793
8791
193
9809
2046
6963
558
2175
9394
33
3297
7798
9966
1918
4467
759
3077
3736
7473
8355
6430
4004
3377
2451
6181
6731
3590
2252
8450
6380
640
4952
9837
8016
3665
3177
3510
879
7151
990
4942
4443
2284
7497
2689
6695
3041
3758
9738
3464
1870
1940
7774
2278
7125
6225
2630
4430
733
9476
2791
6508
8701
2669
6850
2455
8994
5875
8733
4700
8416
6496
6351
2428
1329
5504
6841
1135
1071
5631
4080
6899
7642
8133
7179
7677
9017
4109
9039
1585
6245
6283
1385
2359
2345
7850
5204
4547
8312
371
4978
6253
5892
9735
1241
3003
2317
7777
843
6711
1426
287
2753
6540
932
640
7483
8613
4258
2853
4525
1786
5118
9260
2480
4099
8578
4670
4917
8072
392
3594
1997
4315
1294
205
7131
6297
422
9702
4811
5554
1110
573
8923
6384
8121
3164
5294
6108
9798
792
8467
3203
8626
5092
7779
2219
965
648
6855
1326
9866
8380
1319
3816
7532
1187
5895
3942
6564
6118
3817
7231
7343
5159
2548
8516
1992
6249
936
1020
8307
9530
423
5002
2759
1006
4362
5025
6296
2274
7336
1261
5152
6494
7441
7921
1000
5768
8257
3082
7945
6052
8440
6229
7079
8408
367
5618
277
7472
3706
988
5914
3560
887
9362
1252
664
5385
1008
1321
2491
431
1823
5051
1071
6385
533
5706
1318
8243
4487
8348
680
7733
8393
6866
8138
5221
9625
8557
1156
5273
1562
9299
6446
9662
9344
8277
9967
6788
6318
3017
6777
946
1839
7686
5933
1369
9409
7694
1654
4382
7627
3361
2876
8289
8157
5801
3241
2643
4797
9930
2313
2273
2089
9683
2563
742
7558
982
2715
8578
9342
6260
4803
6802
6143
2045
6054
3540
508
833
7436
7971
2227
5225
3773
7156
8683
4566
3143
3956
528
7649
2594
6633
3791
4692
7862
5563
5593
3883
2838
4696
6609
8799
6555
5758
3195
5092
6259
1045
751
2841
892
7546
179
5978
4796
5607
6853
8549
3789
6449
6548
2158
3482
9938
8079
6945
5530
8376
2481
7940
169
9180
6914
7135
1532
1551
4407
4431
6629
4199
4114
1219
9860
5552
3877
2017
649
7485
4300
3396
5330
4647
6184
2208
5439
346
3818
2981
5805
113
5143
8916
3267
4578
1120
2898
3570
748
4391
9135
3444
5202
6320
1967
3131
5951
3535
933
8942
1204
7172
6862
8257
4005
7851
2505
1637
7189
7451
9779
4243
5516
2983
8445
1048
7332
5135
356
2788
5222
1582
4550
7800
4469
3747
5107
9741
3667
4088
2990
3284
9856
4081
2164
8958
4146
8138
8460
1134
9302
9999
8834
351
7922
5915
859
5093
1583
6962
550
5246
1427
3390
414
2879
5688
1948
8189
8240
4935
1544
9032
6638
8275
5520
1801
4851
5144
864
3311
7605
2322
1950
831
5719
7194
6676
15
9640
5441
3477
6693
2640
9798
2198
6906
8125
4178
6729
8077
1747
3497
8682
2742
1857
3637
9369
7055
7800
3639
440
1589
1128
3915
6827
5909
6078
9977
6708
9355
3072
9515
9671
9481
4157
3538
5327
9730
9953
4978
2354
3595
7166
8519
1877
9235
8838
9574
3172
3812
6050
4276
9352
2178
7242
8069
3683
3057
6441
1321
1339
3118
8546
4781
7091
9769
7155
9501
4337
8582
3425
4160
7197
9021
8393
3096
7214
9637
5100
4180
2041
466
7767
6847
7851
354
4664
5459
3059
2089
5665
2167
7732
4167
9927
4381
3771
8132
5346
3153
6313
3756
6883
6392
417
6711
5107
6606
2194
9812
1569
793
6628
3808
7822
4774
6034
1753
8713
6383
1654
7128
4703
9528
5801
6638
9509
7970
1968
1004
3979
9454
8910
5173
5465
3867
7107
4180
7184
8261
3791
1328
1736
3663
1968
951
2433
7114
2232
2046
5716
4754
9516
4641
9891
9794
5264
4211
6163
4775
3603
1716
1378
827
3309
9581
2269
9166
8409
9489
6335
6877
6485
9561
2511
9536
6524
1778
7410
10000
6736
268
7542
8725
3692
9367
9722
3212
4278
2418
4738
8590
1205
1664
9449
3289
7409
2580
6357
6289
7731
6805
3972
2834
3478
8420
417
8619
4227
6609
83
5866
6299
8772
6110
1654
6218
7024
4200
9212
1865
4351
7297
7182
8505
9854
7070
5044
7890
3787
7566
3338
1135
8571
4864
2737
9117
6378
4421
5314
2273
3236
8300
6804
3451
5251
744
2645
273
8351
5189
7895
3082
2082
463
8408
5397
9382
2767
6469
2248
2904
3974
7106
2089
1205
1543
8979
7754
2575
5942
8206
459
4057
9715
2702
7530
819
7157
5316
7758
3771
8072
7871
904
9627
6586
3462
7954
8790
261
1737
7967
5137
7679
7271
1614
3975
5447
5945
1415
4080
1723
8376
9185
1031
9186
9670
5251
3654
1064
4715
3239
3767
4904
3508
7437
2391
5503
2407
3777
4021
3126
3157
7046
3116
2828
6146
620
8237
5331
6045
221
3670
7780
221
6548
6356
6851
7152
488
7311
9583
5674
680
9078
6814
5955
479
1873
8201
374
3684
7886
4361
4065
72
603
4593
6076
598
6825
1091
8410
3321
5740
7078
1212
8268
5070
9548
6471
1251
9942
4541
4806
3684
3527
451
6308
528
3489
7177
3408
7204
476
7004
2667
4872
9227
94
7869
7225
2369
7716
3606
3392
7798
4262
5686
4957
3890
9861
2751
2340
9128
6427
1112
8581
5276
1032
585
8671
8948
2788
1741
4599
6808
7550
829
7299
3377
1058
7323
6849
727
4505
5636
886
8888
5837
9698
3952
6683
3319
7218
5226
3485
1560
3114
2597
1159
7538
9581
9157
5330
268
4431
682
6615
5243
5472
688
2398
7027
4890
4955
3361
3392
7478
6425
4011
1016
6638
3898
9828
7986
8460
6908
3786
5602
9457
2692
5836
8885
1442
3651
8811
42
4172
6994
6549
9339
9400
5032
7659
6527
5422
8352
7710
3425
9733
2477
6333
2957
8212
642
504
4274
7148
7286
8838
1869
7170
4370
1741
2402
2057
5617
6488
6046
1390
6197
5149
6488
1346
6284
9300
6163
2543
8469
2118
5888
9273
1614
5937
7110
9640
3557
5721
2267
8664
7235
6652
4123
8428
4950
4594
131
850
4178
8137
4127
7778
8799
3105
8460
3193
1974
627
6182
3513
4958
7140
8220
5055
6674
4267
7804
1632
63
9864
4758
8066
6694
6911
7827
8954
9133
300
2786
7641
9102
8256
3900
6697
8136
1370
9914
5762
3017
749
8576
1189
6057
6247
8294
1956
9939
9328
8771
2750
6766
4224
8120
1539
5469
5935
3033
5554
7852
6896
9936
1933
2805
5855
2799
7242
3663
3239
1079
2077
9020
6
4821
2581
1399
1460
9302
9754
8780
935
2624
9188
5119
1934
3033
2625
6039
3823
3012
7538
4308
5915
8559
7216
7889
3537
7001
1790
7013
1493
1430
5150
9949
2951
2074
8929
1744
7155
8339
8417
8834
5934
8364
1683
3181
334
5548
3890
8300
9700
9260
9862
4416
9800
360
4101
5708
7578
4806
6687
2708
9189
1
6315
1885
1205
3323
9778
2485
5154
2942
1897
5170
1503
5265
3381
618
9204
2693
7089
4370
5839
4575
5880
6353
2540
579
6542
8183
4407
7471
651
7784
3068
3433
1460
6804
8958
5839
3535
2088
2452
5470
823
5140
6029
1531
1127
1400
482
4523
1108
7835
820
2946
1996
7524
2756
1980
66
5261
1730
7232
9142
3193
2325
3674
7139
5520
1932
4917
5418
3582
2113
2680
2341
7120
8225
4539
319
3273
505
7521
5713
7389
4754
9947
8379
7475
4452
825
4575
6154
8980
1226
1025
9225
6928
8296
8807
6717
2132
4177
2554
3392
3990
2701
5098
6790
2884
6577
942
7947
6004
1103
216
4319
1684
8350
36
2765
6064
3541
183
6403
1171
3171
2554
9071
2163
206
9280
916
1246
3615
4025
3125
4426
6450
7260
647
1781
8170
2878
9561
8584
901
1785
1089
6683
9832
3081
447
9854
5190
6340
8570
2912
2955
9924
3464
7972
1584
2254
3734
9705
3213
8790
6093
2222
9026
6714
1160
3849
2200
6098
7436
6099
8919
6284
5472
173
457
1297
2151
8296
1647
944
7599
3068
7175
3302
3461
7398
5732
1531
6945
7455
9389
6639
4542
79
1307
2623
2037
6348
1759
1494
7267
9834
3768
3132
2424
1631
4236
8969
3900
3012
4836
9054
4542
161
7957
3185
5799
6199
2830
3143
2598
1896
1668
4662
8958
7244
873
2913
728
5713
6330
1244
159
6847
3187
7805
1156
4154
7821
5833
9502
1722
3774
8387
7547
5769
7018
4100
4060
4928
9748
4765
581
5287
7301
7563
7600
4468
4710
1389
8693
1820
7906
7181
2924
2624
9720
3280
4109
8135
1472
1227
8898
285
6574
3236
5033
2171
2760
8100
1169
4245
8151
245
8292
3940
6138
4547
2807
7543
6324
7096
5297
8779
4128
6271
8575
9746
6254
54
7381
8734
2920
4896
6923
723
1108
9605
9314
3316
1045
2970
4558
9394
7058
7451
6462
1219
8510
9353
5168
1590
442
2433
7817
4304
1306
1278
6511
8398
2773
776
5407
5720
6621
4018
3100
4347
4768
4021
9565
8159
7810
9849
6646
9682
5050
579
9562
1649
5076
7240
1919
1107
866
347
4796
3725
8478
8989
8829
4781
8487
7286
4223
5401
5857
9560
6907
6296
8998
1285
9809
141
100
9007
3107
2469
1478
7964
698
7805
3063
1805
1506
2533
6752
987
5685
2758
7367
1953
5377
3418
4579
3946
4266
2543
288
3209
1107
3023
1069
2631
2208
4167
9140
3292
1184
7534
7719
8096
8161
4447
8052
1221
1124
4906
6172
7880
7690
4087
957
4028
3930
1616
4644
7993
7433
4956
264
1663
7806
6814
5427
5661
7536
7627
1888
3947
7965
7019
5915
6813
7899
1017
204
5880
6352
4295
7490
2421
7754
4629
7426
4743
6487
2523
6151
8477
9710
891
8883
8473
3897
2053
189
5314
1032
2069
3449
3222
9040
9125
7586
4474
4306
2294
7226
8254
94
5722
6472
3915
7884
7501
4085
5946
4300
1184
8457
1390
2308
4327
1271
6334
9855
2262
28
1486
4941
4763
2067
54
9294
8541
3710
5929
5113
2542
5846
7184
6163
3293
4536
6459
3442
3535
9047
705
4609
457
9818
9395
7460
5706
9124
1642
1127
8870
1200
1430
8674
2336
260
1012
6313
3020
4839
8223
4398
8485
3440
9093
4072
2326
3135
3581
7980
9848
6034
6641
1378
7763
9212
9178
9584
9968
2062
7429
4535
8548
6932
6787
6765
3932
8061
7883
8413
3953
1149
6618
3355
3684
3372
6822
8853
7082
5984
322
1110
7753
2111
2000
6655
8054
3774
8563
738
9773
895
4443
5653
8562
1507
5782
5877
2206
1529
526
872
5194
4742
4407
9048
2115
669
8983
8074
9917
2183
6661
2782
1825
4533
484
8292
4657
7704
8230
2580
1126
7285
1795
4113
6406
2598
6467
7306
253
446
2736
3881
726
6015
1578
9245
8748
1933
6404
2098
8661
416
5526
8827
1284
2171
5740
2116
8933
6919
6829
1085
357
8339
3665
3186
2847
427
173
237
699
8541
3793
6957
6226
2201
6812
2711
1446
8756
1249
3169
9451
5061
3289
5506
5665
8243
9645
4656
4906
5388
531
9969
7217
1184
6676
4015
4670
889
8859
8680
7211
4069
8569
6344
5968
6217
8875
4032
5617
1359
9708
2387
9384
7191
7849
2998
9560
4237
4260
5323
660
259
4425
7870
3105
2125
2645
8547
137
9724
8130
7467
182
591
8674
9221
5064
9326
6186
1208
3908
6951
9368
3085
1614
4271
2920
4632
5404
1543
3563
4
1704
5997
8154
1191
9010
7688
2819
5495
4658
7591
6568
31
1726
2075
6612
8142
6582
5134
9923
4858
2033
3816
1804
7348
9524
6459
4821
4122
5108
206
8033
7105
8805
8198
6718
9874
8639
8284
5436
6511
8752
3646
8191
3184
9052
8349
9600
7366
6598
1966
4301
9543
7298
6069
8318
8516
3773
8033
1876
8895
3995
4659
1989
4727
4415
4840
4741
5016
634
1796
5156
4601
290
3240
2299
4229
5712
6559
6879
7527
8115
6526
2478
3184
8875
2230
4804
2109
4946
1864
2320
9841
7880
6246
1653
2813
2417
5056
1322
4698
7310
6055
6860
5653
8312
805
8659
2525
3922
4098
2080
6928
3408
5349
1149
1208
9667
9975
1018
9090
1318
3311
2189
1013
7640
7754
2683
8038
167
5023
3881
4296
5560
5528
4107
7807
8197
6083
4305
8369
6607
6764
2856
2243
7167
5366
9612
3578
9254
2825
1945
5015
5317
1403
4448
4167
3927
6391
4820
3280
1513
7786
9284
83
3189
9164
1667
3194
7910
4840
4195
3905
6580
9021
1120
3339
2066
6564
4794
3139
5635
5335
7834
2665
3760
5285
3362
6346
1670
9326
8307
8329
4834
3532
90
5073
7682
8450
444
4772
4503
4869
969
7593
9964
691
4193
5627
4012
185
7829
2796
3089
5825
7075
7784
6653
944
2684
326
1168
886
1503
467
9183
7536
2887
8558
4602
4420
9509
5850
1108
8563
7384
493
5793
1870
1117
778
9629
9662
8125
7189
6875
6598
1575
5348
7883
9719
6600
1082
3797
2131
5624
6492
7704
974
1694
1821
1481
7862
1147
8198
2879
2195
2418
9610
5790
6233
7587
8690
2738
8131
596
3213
8178
5734
9741
5121
5519
5086
1404
2830
5556
6159
119
9256
3088
1752
2865
434
5259
7825
9120
815
4955
5591
9914
1336
819
7768
1620
7857
5758
4134
8174
5702
2170
9225
6450
3419
9898
8151
3819
5238
3641
6261
7970
5954
1168
618
6537
6144
5598
5104
6155
4418
6979
6348
6892
3446
8304
2314
7077
7955
6777
9870
9111
9791
1824
1280
4327
412
4035
4676
4828
6154
6319
6062
3361
6657
3173
1817
3277
587
2518
6869
7248
4161
2569
550
1050
1508
6777
9998
1661
2427
6917
4971
6863
9439
5601
4609
8499
9306
4012
4414
1770
4815
9709
9664
4152
8367
8259
5972
1278
4917
7002
4367
7802
8673
4863
2889
2072
9987
7821
1037
8630
9233
479
7146
9612
6969
3428
4810
5765
2477
4846
3532
9333
1861
9438
2728
3540
9401
8871
6263
4924
4234
3117
4458
5693
3136
688
2487
47
2051
7069
5671
1234
260
8928
8399
3735
6309
7843
5761
246
1314
8290
3493
9345
2347
8210
1984
9141
4812
2598
1072
8332
7433
7810
9426
9946
3907
595
2547
5085
3473
9874
1259
5065
1050
1932
8165
4890
6838
6458
9307
8974
8849
5341
6485
6124
8026
1884
8282
9882
1588
3830
2685
2163
1588
8665
1742
8710
582
3407
7386
4654
4878
8855
6412
4746
7181
6160
8364
2835
4337
9964
9515
4819
7512
7778
6239
6662
6237
7185
1745
5087
7382
8212
7129
7966
187
8617
7621
597
7079
7394
8400
8776
1828
8740
6665
6289
5848
5751
2069
2549
7657
7494
1728
1295
3411
7726
5365
9657
772
670
7155
4203
8178
389
9551
813
9072
6316
4320
2060
3049
3914
4472
3402
8282
6740
1300
48
2512
6566
8914
3199
5244
1208
4086
4172
3694
517
3341
6415
9161
1556
1803
4015
5814
6254
6693
5010
8287
1977
1526
317
3971
1951
1747
9886
8520
1809
4203
1066
6744
2098
9279
7203
1235
2403
1436
511
2062
1675
3961
7518
4456
9832
7094
1719
3808
8788
9309
5990
5062
4706
5305
7646
320
7607
1246
9593
7934
8675
668
9552
1316
6399
6282
5745
8793
997
4884
2866
8659
6574
7885
8631
9293
3308
7783
9187
8520
7596
9738
8808
9768
199
1918
465
7403
2698
586
6186
6420
8919
6843
6091
7900
5896
5201
2737
604
4253
4132
4530
8491
1625
4886
2790
9715
1244
9491
110
3322
7758
3506
1809
9396
8189
5568
3585
3825
5726
1736
2514
7577
2132
9049
8801
5744
6354
3730
1629
2916
4069
4153
3354
3326
5008
5760
1766
6456
4738
3882
941
1895
2109
5079
8048
739
9837
9271
1118
3998
8440
1312
8259
6138
9156
7697
2975
8984
1680
9088
3770
3522
6540
2549
4352
9313
6504
9118
6387
9891
8126
6621
1490
1982
5583
4347
468
3787
4740
4901
8389
9328
9550
4497
9089
4916
1341
6222
9442
2742
3195
401
7730
179
4805
4544
614
728
4374
7826
6701
5111
8783
1443
2452
8604
7641
1577
9224
8914
8573
7252
1540
1261
6284
905
6875
8130
4788
2659
452
7526
5716
4295
3672
1628
1075
1028
2974
2503
8023
4758
1193
2681
1298
281
1905
36
3419
8953
9061
9834
7184
7391
1379
5732
8025
365
1795
4768
7124
2450
5791
1601
4304
3031
7004
91
622
2965
266
9996
2902
7317
4382
236
967
6701
6103
6113
2679
9308
4502
1961
1746
788
2415
9557
7629
4744
6799
8994
9537
2761
7546
7786
9190
1535
6718
3545
7541
2760
2018
869
4723
4343
4663
5707
3414
6866
2368
185
5688
7638
4554
3025
4063
2258
579
7710
8788
8917
3469
1115
6297
9355
2417
4201
4709
8497
417
2168
7273
2909
9372
673
9343
9439
3985
169
8156
6528
8133
4393
8158
3307
243
5293
5207
8605
1481
8123
4403
539
6904
5181
5904
4547
8533
4108
5069
1701
3354
6782
4761
4133
7628
2887
7094
1026
6687
958
8372
496
9379
1359
620
3053
3846
5094
2546
9940
3898
4283
7175
2558
9737
383
8889
9187
5979
8109
2031
5708
7436
7024
2797
4558
5022
8623
4831
5759
5401
9143
7585
1346
443
528
9112
2824
4006
7763
4199
4267
5875
7904
9807
6786
9702
8788
4190
8482
4949
7342
3311
1753
3153
6298
4238
8598
7698
9502
5827
852
7602
3624
2451
2751
9772
29
6182
6612
8145
7502
3492
7780
5524
8565
1651
7658
743
7055
483
7788
815
6046
9592
1714
6364
6659
7543
3163
6648
5930
6966
4868
568
3479
7260
3752
4882
1975
9895
8061
1398
508
6504
985
6229
4927
907
4596
1537
8440
6121
2345
7108
2556
8529
4296
4274
8155
2046
734
1230
5337
6254
7648
778
2853
2470
3030
6339
1273
1071
3954
5443
9307
4646
2534
2919
4852
509
4808
5559
3920
1253
3260
5242
4094
35
5460
2604
2790
9654
4268
196
7138
2780
4199
4890
9958
1475
2491
7774
6316
1604
5330
6067
2803
9219
3069
8153
5565
2386
9217
1277
1725
9775
3999
4634
5394
2924
6534
8274
3293
5812
3363
5114
5206
4571
7827
6071
6794
4414
6506
3372
9785
8471
1621
5162
5256
6977
3856
980
2921
3706
3630
8396
3344
389
3261
3903
4064
6121
6214
4831
8306
6734
5048
3484
6270
1947
5947
9091
6145
630
6859
6015
469
4830
7702
9410
5314
6324
4819
7136
4767
3249
8186
8543
7667
6331
4807
4728
707
5684
7243
7015
418
218
969
6746
5579
2288
4471
5850
4171
6316
3723
1483
3437
1226
5913
9718
1719
4976
4018
5566
15
291
5974
200
6445
8188
715
757
3114
7976
8548
9902
9720
2634
1109
8379
7024
3268
5307
8098
7081
408
5348
3778
5405
8627
4600
2537
2871
6452
7849
4391
8155
6389
1409
8078
5449
5840
2789
8061
257
4763
1723
5276
8342
2379
5711
8996
3137
9922
555
1895
3838
341
1726
6563
4249
3354
9292
6898
3708
7012
5583
1518
1771
9422
1999
4451
5717
2507
4178
2693
487
2238
413
125
8868
7208
2547
3140
3945
5713
7053
9170
9238
4902
4272
8370
1408
6153
2319
4829
8682
1972
9693
2334
9015
4219
7089
3156
6961
7442
9929
158
7172
9704
3254
3071
2669
5946
3175
1193
4257
5080
1696
3382
1756
2531
3937
4292
7249
1128
7378
4149
4752
3291
720
5135
1770
2504
8948
7912
1117
9090
2661
4392
5086
3978
2016
4417
8534
5066
8649
3024
8627
6818
5610
5801
1558
6461
2899
6071
3885
7885
6291
2533
9905
6319
159
8611
1327
4754
5032
2293
5501
3274
6579
9679
3831
3502
7762
9671
407
7429
954
5071
7418
7427
8890
7838
5724
7619
4256
3638
5894
1519
434
3604
8048
2598
5181
4098
275
272
6163
2594
2829
1052
8137
8738
4821
3603
847
1212
2967
5504
42
4235
3520
8692
3540
2610
1211
9915
2415
2577
2957
6003
363
6744
5531
8876
5177
114
7499
9949
8000
1980
4281
6444
3670
9623
1432
7263
8746
8580
8622
5261
9989
7956
3237
5469
1165
6966
3212
5301
7493
5239
1012
5941
4429
9922
7685
6049
8575
1476
6871
7315
4695
7332
3149
9237
2637
7069
9762
4749
3179
5645
4504
3718
580
8022
750
97
4852
5904
5819
6519
6077
5327
6995
8862
9203
4120
8173
1215
4957
6404
9499
5310
2249
3934
8547
9742
3338
5713
9461
4165
4384
9097
2611
1305
283
2312
7417
6290
2198
7916
7258
6908
8205
6340
6436
7012
9316
8332
6466
1802
6173
3314
6469
7088
1106
3555
5860
859
6095
4941
9214
6009
2074
4183
1843
4198
4074
5320
9506
5661
4808
9414
3602
2428
2516
8518
5571
2718
2618
8214
7913
8675
9515
4251
6397
434
83
8746
4284
1827
6793
4899
2671
1792
3992
306
2743
3488
8182
3401
5983
1375
377
1145
6586
4636
2448
5355
5915
7431
5489
6002
9362
7449
3114
8932
5956
8871
8614
6909
6723
6597
8229
6412
2816
5298
527
9205
8026
1761
4691
7154
9335
6500
7968
3398
2377
2025
2870
9205
380
7503
5231
5016
7170
7557
7670
5132
796
6890
2756
4308
2306
6117
5871
9124
1933
2795
134
9520
8280
779
5816
7453
6738
3942
2319
1033
7106
3648
4081
4627
7988
8286
9118
8304
2269
8665
9367
3128
4355
378
7416
7331
2355
5582
4476
6685
7383
6791
924
6743
1781
5554
1184
9203
823
2022
1747
5665
6352
9281
1042
1595
5509
3801
2038
9368
745
2454
630
3224
7006
4198
420
6395
7120
2020
4517
4075
9478
8192
9775
3391
2749
8586
967
7120
8561
341
2315
1093
8634
2641
5062
9390
64
2110
4205
3751
9907
8102
1887
9974
4462
4230
9199
3813
2658
5451
8921
2766
4421
3560
8735
2172
2208
6076
5230
5730
5998
437
9043
1686
2907
111
571
9890
8406
6674
9655
4617
8916
258
592
7164
5879
6307
7254
90
4014
7567
905
3996
740
4651
1614
519
7161
8809
9108
8879
9132
2265
4260
6107
1490
3747
4857
3611
5218
3217
6134
4968
243
8157
4414
2601
2087
3277
5084
2204
4459
8862
7697
2576
8991
2580
1811
2366
1081
9464
8692
4407
2542
5967
3441
7983
6941
5005
557
7755
888
1733
6163
1219
371
7209
9032
8612
1514
5039
710
1617
861
8327
9928
7348
9485
5781
2348
2402
8288
5314
8091
6698
332
4686
5770
5973
9869
1450
9226
780
6314
3581
5194
5645
2904
8728
3562
5031
7798
5224
4101
8480
1471
5718
6936
7989
8288
283
8940
7959
6367
2341
173
9281
8250
2794
8104
4066
8361
1510
3876
3818
7236
7246
3800
9680
2032
8672
8781
6158
3215
7359
6726
7752
3284
887
7544
1482
5761
9550
5413
4571
9386
5414
7997
6389
8407
8929
7661
7639
1810
4099
8011
382
1641
720
3238
4532
8820
3525
9551
8754
6714
5016
1385
7507
4546
1804
6682
3854
1249
5425
5900
2703
2706
827
9913
5957
7929
4110
5322
17
1851
9955
578
2730
3494
9731
1751
2745
170
9777
1309
1656
3027
1932
8214
7538
4122
7023
5047
3972
4275
2700
6622
7347
1822
1951
8723
840
7459
5891
6196
2133
7291
9802
3946
7386
2583
986
1752
3284
2857
4601
5958
3242
4446
2807
4405
7041
1221
2407
9601
8183
2196
4232
8924
8937
609
7458
1025
4494
4056
1934
1307
8568
1361
1186
1549
5699
4779
1807
1591
1131
2552
1631
9017
6625
2537
802
887
7272
8563
7976
2215
2870
4902
7252
706
8587
6960
8493
5375
5419
9554
6558
6844
7540
1747
6592
5534
5090
2000
9293
6649
6426
2092
339
5218
3650
6616
8457
3324
8477
6452
4373
1064
6348
1643
2770
9073
6189
5366
9110
1599
1389
1236
9929
4667
2172
1198
3355
7125
1055
8146
7915
2982
2709
8372
9468
6108
4217
624
3809
2751
4448
3389
5258
1054
793
9157
7522
5717
7835
4818
5865
3535
1434
2728
4661
7757
5202
2356
3063
8811
8457
1060
9987
9238
9241
421
9582
8196
8199
3270
9962
766
9598
6652
4528
1704
1002
8017
8016
8746
6088
1427
5665
7181
3881
6511
5575
6741
9769
5568
8695
1641
7326
7060
1089
5697
72
402
3753
8659
1620
9374
3520
632
8376
8237
3094
7357
9877
6731
4303
8859
3634
8466
8165
3198
2316
3204
7622
332
1507
3140
8116
850
2595
5643
2495
9378
1701
9060
5133
4286
3430
170
6815
343
3200
4073
1479
1522
1342
9958
7232
6498
2070
3630
7470
7991
8726
7909
8187
6212
2661
6867
6907
5557
4914
8067
4454
6392
790
1369
4426
9076
8573
5536
8398
9053
1946
2074
1577
6080
1178
6480
2163
4903
5431
8144
2152
6145
4136
3245
8682
4940
9875
250
8274
7165
9092
5384
4470
8950
8847
5965
746
2888
1170
6359
9477
9610
988
6979
155
8190
8552
2867
1008
3697
833
9611
5402
4507
2950
6594
4584
3989
2984
2989
2613
7016
6007
660
1809
3373
770
6031
1431
4940
3650
609
3266
1724
3450
516
5250
4489
8946
4775
7321
9712
8827
3661
8162
3389
4360
692
4368
5859
6731
7571
2585
8417
6924
9981
336
6463
4876
8159
168
9724
5852
1125
5138
1372
3331
9060
899
6840
4117
7084
5707
5327
7517
5447
638
3594
5053
1963
3910
2080
7326
5531
8587
3831
3731
575
8850
4769
222
9955
8946
7188
2978
8051
4983
1014
4533
1764
4186
5722
9619
9988
3806
1048
4493
7469
5935
333
5483
8492
9764
2841
1269
84
3239
5567
3752
4161
698
4545
4395
9091
3929
1701
5583
3578
1716
6275
4511
8806
4092
7166
2269
3237
1348
6417
7266
7111
8440
8136
9529
7192
9339
8814
9973
8502
8123
8811
7235
3919
679
3053
1087
6030
668
6247
6027
3198
4661
1731
7911
2164
1724
7506
9695
5886
6449
6036
7016
1736
1374
4069
989
3463
752
1350
5821
2703
4826
9610
3238
1543
3946
7207
5437
531
4539
5562
2271
5102
6721
8083
6084
9365
3551
2490
5224
3278
8257
2419
5378
7642
7757
1451
2986
6438
4013
2188
6338
5153
4750
639
3530
6852
8981
6847
1003
7138
1815
1304
448
5753
6292
3566
471
3589
6808
9195
6304
8188
5183
699
3675
5089
6021
3003
5602
7425
9140
7712
337
6432
826
2607
7392
6998
4472
4044
5423
9027
7693
297
6812
1690
9820
3169
656
3339
9447
391
6678
6450
6696
4481
3774
5805
8202
2077
1911
8687
7129
6084
736
1235
1656
3504
3782
1012
4509
6085
4248
5212
2957
3066
9931
7978
3994
8901
3591
6514
110
648
3320
1249
4054
830
4937
5349
4045
4109
99
5775
4512
4922
4738
3432
7163
5502
2351
4275
4552
5496
7907
3880
118
8152
2661
6438
4050
8562
6173
6987
8575
55
8037
9866
7567
2293
1718
3402
3612
3048
3446
167
4341
1549
1879
3564
4280
3474
3055
2544
400
104
2386
3267
9516
7936
8661
5629
3127
1066
1434
2597
7733
2297
7550
8793
8956
8031
2390
8781
1732
1786
5165
5249
1437
9604
2490
2009
9104
6875
5893
1254
9827
4738
5680
8319
5955
1312
6237
1155
2700
9830
9676
2904
881
8657
3596
9780
8259
8001
8137
7540
8388
5960
623
6921
6082
2093
2398
2227
2837
282
2131
3804
544
4071
756
21
6678
9041
5911
6830
4671
3499
163
4066
3880
2229
8214
2458
395
7807
3761
6243
4739
5751
7359
7761
453
8103
9482
8240
7943
9414
2994
6517
643
6509
7109
6567
9532
4955
1427
9079
2384
549
3635
6721
5445
7532
3556
3538
5428
2162
5551
7205
5631
6758
3475
2499
6362
7937
5585
351
5409
3584
8689
630
4642
6522
3880
5101
4222
8814
6492
9851
1475
1668
4020
3000
9571
4268
8770
333
4855
8232
8600
5138
9016
6404
3944
4153
1250
6570
2924
2256
8020
2367
1799
4649
3195
8293
8283
4855
31
7970
6506
1832
946
283
2188
3223
9332
688
8870
6312
4757
6505
1085
7230
2522
6318
2053
4999
5942
2512
2593
6021
318
6133
7292
8428
3123
8505
8318
6215
3290
980
181
1170
2666
1837
290
1766
8705
4058
1358
609
4728
5167
3590
738
7717
2612
9087
550
2933
911
3017
3264
2043
1026
3577
6606
877
4512
6966
1458
4254
8045
9961
1200
9911
7613
8879
4170
1015
4069
5105
8480
4894
1666
5434
782
4075
9163
1609
7833
822
3089
9343
35
8443
3875
2067
7417
1870
2182
2834
5448
944
4166
9058
4016
8642
7482
6974
3136
8383
6168
7674
5766
2517
3367
8567
1662
4732
605
2981
4857
532
7736
2253
4397
778
7573
5436
6482
9632
9506
5501
3207
1505
5229
5326
699
1676
6196
8327
5742
3765
6822
5209
1642
1572
5713
5312
20
2084
3833
1514
8529
6576
4496
1439
2252
4186
450
3181
2349
3499
4444
7950
3741
1620
3402
5867
962
7368
1103
4925
348
1755
7078
4528
7257
1897
8495
7108
1216
3904
7900
6360
4417
1194
9516
6904
1372
6809
2478
10000
5791
7333
4320
5330
7781
7131
5590
7767
6251
764
5030
7057
9903
9259
1329
9663
9113
3275
1044
7389
8804
7794
7717
3939
6423
4064
9380
7620
1988
8344
6704
4560
6342
7929
9949
3867
8932
4908
7708
1867
3391
3312
174
4401
7268
9751
4184
1293
3200
5377
6095
2224
256
5474
5411
5044
2943
8821
8193
2235
5874
4747
871
7790
114
4810
9714
1632
7161
3312
800
1648
7549
4343
8753
6797
5626
3264
6036
8097
8096
7158
9720
8712
5235
6208
8105
2211
5585
9071
6583
3406
2870
3702
6483
8860
9362
6921
2701
7832
4168
6501
6137
5630
1358
6354
3009
830
5318
6196
8844
465
3228
3285
5803
2142
3516
9510
4845
6272
1509
6059
8056
1756
9307
343
3458
6395
106
5975
8746
9111
914
5510
4357
888
405
6131
3201
8873
1836
2887
8613
8974
7979
9335
8817
224
138
4024
8427
6416
6904
4068
829
4044
4883
6843
6379
5274
9544
9616
4255
223
9485
1998
444
1294
7522
7080
1551
2083
1533
3053
4005
60
6578
4958
8957
1924
648
837
3972
4655
4247
4208
2011
1437
4162
6963
4593
1845
3180
8178
1626
6564
385
9174
5636
4286
7886
9013
6891
3979
6004
575
6172
227
4470
2398
1947
8681
5244
9713
1578
9039
7413
6286
9292
5157
5720
1722
8841
3033
1407
4859
6994
2532
1439
7173
6089
6382
4291
3835
7428
3663
2295
6824
3071
3667
9444
2412
4979
1077
4417
8502
2522
7
6929
1822
7079
3342
9969
3147
8916
1789
3579
5365
4778
288
137
6219
4236
1798
7293
487
594
6238
2499
5245
455
9467
7099
8801
8875
3769
8807
5018
832
9428
319
853
3342
2404
8316
7116
4416
2013
8480
6671
270
8166
1070
4599
564
5214
9494
8946
936
3864
6564
4570
460
2019
4489
5209
9705
6460
127
48
9431
1362
871
7348
3294
5707
1179
9672
3846
4363
5522
1515
2082
3362
9637
926
1036
8575
1415
7728
4642
7158
9360
5297
1649
7858
5968
9351
1346
3208
4024
5255
8509
2049
3777
5866
2636
5332
5222
4606
1394
6266
928
1170
3810
6257
8940
864
5011
3941
3549
5905
8912
7838
7936
9356
9873
1651
8929
2028
4149
5698
6820
9471
3258
6137
4322
5603
7540
213
2947
2617
1853
4829
3372
8639
3470
332
5544
3672
9351
7645
5554
5174
1445
8782
4077
5381
2173
1392
947
1118
3223
7761
4223
6006
8760
6697
6542
5570
1877
1079
646
8563
4201
3097
3864
4014
6145
1998
4836
6649
5199
6904
4068
8190
4867
2853
3211
1839
10
7645
2061
757
104
2475
2179
2711
6263
1401
9379
7943
2812
7239
1249
2000
128
3587
7932
1577
886
3302
9440
4699
9722
1226
6275
3004
6015
1724
9196
900
7021
3167
6184
2610
39
8767
7368
5611
989
8546
7330
9624
8764
8977
4569
5567
3750
2524
2074
7589
9297
4118
3884
467
2290
1389
6534
6377
9074
5009
1060
1663
6656
7078
7802
7446
5384
8992
146
1924
3242
2386
551
1532
1194
1817
7413
5564
425
2790
1104
2436
568
9067
1794
9607
5926
1927
2702
7339
1739
1322
9949
958
3339
1014
3832
5620
5220
437
3576
7004
970
3343
9308
8264
2760
3656
4347
2253
1749
7106
6196
7992
5147
3759
9864
1478
2726
6305
573
638
2340
4017
5363
9251
3155
5045
9362
4709
6889
6056
3599
2234
8140
66
4897
9317
1859
6024
79
3341
5671
306
7771
8048
5804
6219
7691
1119
8234
395
445
6948
6057
4313
3021
6526
1484
5529
5564
3549
5232
3977
5871
1602
8578
730
9027
9948
8727
4573
488
4467
9533
2921
6605
485
421
2488
777
7877
7424
5455
7371
1547
307
9766
6434
8011
67
7261
8398
6988
5462
8427
296
5241
6566
4591
128
8425
797
7223
5519
1665
7105
618
877
900
2289
3228
7423
9124
9457
434
7207
6121
5224
5329
1938
9900
9360
3631
1395
7147
800
7433
321
296
4504
8172
2555
371
3419
3059
9155
824
6791
4851
2914
6886
3314
5803
8459
6163
4280
3216
5954
7447
9041
7070
8444
7835
1979
6993
5642
9324
4102
3984
7822
7095
1703
3538
2408
7490
7958
3270
1274
891
6761
5580
2616
1227
9350
192
1206
5985
5665
5541
2757
2844
5474
613
2272
3100
8220
7469
5824
9398
1170
6817
6934
6553
9393
6872
2631
8797
1848
4069
660
7722
8778
1520
3007
7163
3167
4692
4206
2901
7011
8087
1227
716
6093
4084
7740
7478
5838
296
4121
9730
9896
6455
590
3360
2754
8161
1249
7775
9839
5213
9420
955
5404
6105
8729
8977
301
387
2402
1362
7499
8891
2291
6529
479
2957
4997
2319
2922
3699
1198
2435
1235
1702
3630
1977
7912
5825
864
4813
6886
7216
3921
9914
1742
9555
8464
9570
1511
1483
8847
2810
3490
7115
7865
9879
2846
6980
2977
341
1485
3016
5541
8266
5353
3852
8304
1141
2604
8165
4999
340
3331
1613
5250
2951
388
7306
7026
9826
5225
1695
6002
6570
1595
3229
9710
9307
3004
4047
3368
4030
8645
8220
3135
6127
8052
2383
3934
5507
2141
58
9792
7097
131
3017
3854
2579
6921
6933
8081
6193
3173
2876
9725
2257
5031
4465
3537
1585
4858
1893
3431
4854
3622
6886
2368
3397
9862
3567
5244
1396
9894
7077
5568
3585
8393
8164
4848
3158
5307
1950
1922
6870
7734
9840
2023
4166
2641
27
5750
3938
4748
2672
723
7949
2249
4144
299
8956
9623
8325
5900
3872
5271
4826
4488
1738
9889
6615
4083
6067
2531
7895
4432
4162
564
9210
6693
9024
7454
8510
3628
136
9332
5502
1946
6397
2848
3954
1738
7560
6124
7719
6388
60
2601
5142
6591
8962
9629
3672
9493
1347
7740
2163
7354
7925
6675
3798
9058
1000
5683
3798
3129
1879
9036
6864
6094
1682
4393
8034
2247
2815
5143
9861
5727
1987
6452
1141
6713
5411
3218
4411
3233
8170
5997
829
6888
2718
4750
7133
8621
8933
4999
6045
7924
1394
9149
9026
8544
6228
3159
553
4563
7646
9595
4452
7710
8776
7892
4137
9595
3454
4081
4457
360
4190
7829
3783
8919
4897
2240
6977
3830
5147
5066
9754
3202
3740
3361
157
7325
8002
3915
2701
6663
1393
9955
2422
1222
3098
4072
7517
1942
2998
5096
9078
2393
6617
9250
8315
1583
5689
711
484
7374
4157
2335
933
2227
9407
6621
6399
9284
5256
200
7704
3690
9253
7654
3718
1387
7982
7410
2099
2233
2550
1160
5448
7853
605
6906
5009
2767
4562
5096
7947
6440
2863
1966
469
4661
9672
3899
5668
6560
7230
2668
9096
4666
286
9994
549
689
790
8705
2140
94
3163
7868
8609
8149
2507
5444
6302
9300
2889
3736
3050
1793
1477
4348
8474
460
1886
8001
6145
7751
7867
9225
5720
6452
126
5517
2585
8484
1567
3437
6472
7668
5767
1912
2226
8917
5414
4932
7390
2945
522
8673
2126
5004
8500
7154
1835
8986
5933
1629
1421
2002
5194
5423
2674
2229
6959
4935
6213
5999
6884
4291
2475
5800
7995
1430
8036
6501
1310
1472
5575
1469
8681
5398
7594
2610
3346
4885
2949
4457
574
8786
4888
7633
9326
7290
4242
647
6769
7988
1845
7561
157
8259
331
3477
6514
2817
1764
5423
691
9219
5170
3378
2603
9483
645
5287
7900
1840
8377
7841
2080
554
1721
7581
9149
2983
9698
2146
2678
1640
7602
4932
5856
923
8503
3061
131
1038
8379
9671
570
9024
6531
5058
1551
3009
676
154
2860
7434
6907
6106
6836
7222
6482
2158
4945
5932
6783
7765
1231
8407
3387
9148
9954
7880
7036
8323
7064
8656
8319
6681
4287
2587
6658
3032
5542
7544
7728
210
2932
6690
934
3381
5606
9431
7757
6684
6394
43
7775
386
1530
4242
5288
4914
4323
187
2080
7543
1942
9063
2427
9256
8635
513
5005
9767
5763
6377
2061
6808
7144
8779
2659
6632
9585
8971
2719
7365
1979
9691
6551
7820
9151
2168
9156
6807
8112
6620
3208
9870
9757
8401
8742
8370
2829
6317
9825
7892
1760
7316
1401
2106
4183
852
3436
4233
1337
4495
1635
9117
5343
5944
1432
8293
9979
5147
1626
4936
2838
5939
6117
1842
6522
3998
3154
3521
8103
5466
118
116
8511
1708
9028
6455
8499
2820
4744
9217
3165
482
789
7371
743
3271
4832
3739
4548
9404
1678
7055
8404
9354
6968
3911
3609
1059
713
8777
827
1016
9188
4093
3672
1817
565
7794
1037
5851
4498
8240
2088
1299
5246
7933
5552
8186
5382
7658
3886
3202
4108
7582
2507
1970
374
5897
1279
9379
2136
5857
4141
1307
76
388
3758
2738
4775
644
2501
4151
8320
239
3199
3276
7923
8233
3032
2500
246
6747
3369
2272
6192
1334
348
3808
6029
9082
3787
5634
317
3765
5789
5361
2069
6238
5608
8272
3718
6300
783
6172
788
1903
7207
619
1632
8619
5826
1602
8013
1551
9165
5902
886
9102
5247
7578
6611
206
804
8236
3913
5347
2075
8335
4812
5356
8947
3347
8507
219
7833
8737
3476
4777
4468
3369
7274
2727
6909
5251
6905
2966
9973
3318
1793
2388
9427
1626
8508
2123
5549
2498
1395
2939
2598
2138
3263
1759
5085
9592
6294
4420
4562
9919
6065
3970
9253
6876
276
8925
3487
7539
1623
6787
6254
8099
740
5240
4342
9788
7584
566
4446
8384
6151
3830
3022
2909
356
5027
734
90
156
7936
5045
9377
8467
9991
2862
9991
5558
7851
4915
9733
5619
1180
3990
1444
4171
9950
8587
1518
9149
7071
2619
6659
9054
4200
706
7902
8993
4149
3882
7661
3821
6992
9638
8600
8040
4411
1045
731
9380
2694
8667
9786
8636
7213
8010
7596
506
2361
6160
6854
2413
4439
8658
1903
1588
8571
5612
8810
2142
6230
1260
2168
9251
3157
3119
1476
2199
3834
4905
7284
723
5953
4528
3911
1561
2926
8231
3654
6920
1323
3280
4425
7436
3810
8002
301
9819
6398
3772
8804
1141
79
3165
1895
8634
6452
3332
8301
2846
8359
1807
7381
7120
2580
4429
279
5498
7890
4997
7596
954
4285
8900
6635
1610
3164
4108
4973
825
3796
7937
3003
5232
3417
4915
9372
5238
6005
9963
821
5659
4358
8552
4039
6740
2368
4478
9992
3976
13
6252
670
8479
9584
5143
4501
2097
3782
7951
5487
9640
4321
2546
123
3176
2760
385
5058
7996
9572
5739
5521
9823
2988
9303
133
579
3428
5185
3454
4837
8991
7654
4782
6808
3160
3011
6261
446
9790
8529
1775
3933
3976
7020
4395
7885
5065
5634
9382
5470
2506
2229
3941
7017
9535
442
4077
7970
9145
3525
108
4998
3182
5946
8381
8386
5724
2706
3716
856
126
2290
9514
5158
1018
6998
2880
4621
4831
6774
5606
7743
1664
4444
780
1971
2406
9592
2634
7780
2745
6771
2745
550
1951
4167
347
2152
9434
9792
94
3941
3036
5022
1533
1433
5139
8356
5355
5673
8862
8260
1268
1246
4196
3186
9573
5130
2444
9444
9001
8555
2665
5247
2030
3690
2052
794
8455
4664
6888
1750
5001
5314
4386
8441
3509
4705
2277
561
5398
9999
9967
9416
5570
3868
5146
4499
3521
5923
5933
5507
1361
2799
8129
3490
3981
7219
1440
720
2349
1827
8607
5024
8338
8440
8986
2241
6783
77
1910
8441
3302
8813
3439
4985
6993
8613
5879
9936
2735
4796
7703
9708
4605
6320
3036
2855
4669
5718
3795
8492
6099
5749
4540
6813
3640
4983
6550
1165
6344
8438
7942
7588
9764
8166
6601
1224
7112
1128
6379
9405
9504
8379
4252
7122
1854
4701
5257
4426
7962
6264
2060
2642
3582
5299
1532
2348
3330
3961
5694
723
8919
3369
5899
5408
7470
7392
6684
1883
9178
1322
4437
659
5369
3812
807
7962
7251
8901
6219
1402
3991
7333
8010
3021
8514
3257
8425
9281
9311
5633
2754
7050
6802
4196
8424
1812
7156
2756
2109
4282
2750
4555
3388
1196
3330
5280
5872
900
7762
26
582
9468
7204
9468
7157
1041
4756
1691
2843
5712
2029
3854
5729
3338
3590
6962
6467
2934
223
7349
632
6125
9283
1614
4983
9847
8277
1778
8799
2688
7839
1370
4046
2935
9988
756
1159
1843
6358
2043
7424
9628
9397
107
5021
2464
5731
2123
4288
2012
436
8532
8856
7522
2124
9678
7157
6696
9022
9526
6311
9908
926
1894
1107
8377
2870
4172
3984
7757
9142
5105
6045
7960
378
8884
4234
7846
4321
6752
8836
3397
3865
8722
9408
6666
8760
873
7221
4065
6271
4184
4754
5129
8507
1952
8582
1216
3020
6709
3401
435
497
1791
2324
7364
8624
6848
2185
9962
9606
6283
7721
2871
1254
2955
7050
7781
601
1324
9615
7931
7102
3892
9058
3544
9030
2751
919
1530
8049
4095
4128
62
1471
8838
5014
5431
6913
2390
3713
5155
6582
1477
969
225
5360
228
7706
5181
4178
2556
8927
4059
5889
1279
281
1548
8397
6768
5216
8444
5578
1286
2046
2340
7841
1995
4060
1284
256
9071
3735
4159
3632
5300
1068
2833
1070
9316
4171
1088
7451
5512
1307
4892
6981
9420
1736
9239
9259
2490
9246
6489
7324
2509
6877
1357
5261
6670
978
6239
4175
871
7822
6945
3002
588
8003
2762
1987
2675
4713
1856
4763
8818
294
1276
9888
712
2445
7574
9902
49
276
9245
827
5286
9092
710
8104
295
3585
4999
7043
6481
6982
2824
1067
9481
3844
2710
3911
972
9322
6500
3076
6659
4148
559
5213
3451
4940
9853
3152
1249
9720
1844
182
2509
2039
8263
5775
6816
4635
2707
6620
8101
5936
5547
8897
4017
1612
9540
4144
7964
3137
1590
3636
2165
5805
3296
2833
8033
9401
1097
4784
5934
8815
8586
1892
221
8159
3902
5435
2141
2938
431
3113
5164
2038
1579
2902
8447
9035
2241
7110
4331
7587
8293
8811
2292
4420
2404
5353
7223
3089
6654
7028
4684
4184
4377
7637
1103
2394
86
5561
6569
5815
