Number of Comparisons for mergesort: 
120440
1
4
5
6
6
7
8
9
10
13
15
15
17
19
20
21
22
26
27
27
27
28
29
29
31
31
31
33
34
35
35
36
36
37
39
42
42
43
43
44
44
47
47
48
48
49
49
54
54
55
58
58
58
60
60
60
62
62
63
64
65
66
66
67
67
72
72
72
72
72
76
77
79
79
79
81
81
81
83
83
83
84
84
86
89
90
90
90
91
91
92
94
94
94
94
94
95
97
99
100
102
104
104
106
107
107
108
109
110
110
110
111
111
113
113
114
114
116
118
118
119
120
123
125
125
126
126
127
128
128
129
129
131
131
131
133
134
134
136
137
137
137
138
138
139
141
146
147
149
149
151
154
155
156
157
157
158
159
159
161
161
162
163
164
167
167
168
168
169
169
170
170
173
173
173
174
174
175
179
179
181
182
182
183
184
185
185
187
187
189
192
193
196
199
200
200
200
201
203
204
204
205
206
206
206
210
210
211
213
213
216
218
219
219
221
221
221
222
223
223
223
224
224
225
225
227
227
228
229
230
236
236
237
238
238
238
239
242
243
243
245
246
246
248
250
250
253
256
256
257
258
259
259
260
260
260
261
262
263
264
266
266
267
268
268
270
272
272
273
275
276
276
277
279
281
281
282
283
283
283
284
285
286
286
287
288
288
289
290
290
291
293
294
294
295
295
296
296
296
297
298
299
299
300
301
301
301
303
306
306
307
311
317
317
318
318
319
319
320
320
321
322
323
324
326
331
332
332
332
333
333
333
333
334
335
336
336
337
339
340
341
341
341
343
343
343
344
346
347
347
347
348
348
350
351
351
353
354
354
354
356
356
356
357
357
360
360
363
365
365
367
369
371
371
371
374
374
377
378
378
378
379
380
381
382
383
384
384
385
385
385
386
386
387
387
388
388
388
389
389
390
391
391
392
394
395
395
396
396
399
400
401
402
402
405
407
407
408
408
412
413
414
415
416
417
417
417
418
420
421
421
422
423
423
425
427
427
429
429
430
431
431
434
434
434
434
434
435
436
437
437
440
440
442
442
443
444
444
445
446
446
446
447
448
450
451
452
453
455
457
457
459
460
460
460
463
465
465
466
467
467
468
469
469
471
471
475
475
476
479
479
479
479
480
481
481
482
482
483
483
483
484
484
485
485
487
487
488
488
489
493
496
497
500
500
504
504
505
505
506
507
508
508
509
511
513
513
516
517
519
522
524
525
526
527
527
527
528
528
528
531
531
532
533
533
539
544
545
549
549
550
550
550
550
550
551
552
553
553
554
555
555
555
557
558
559
561
561
564
564
564
565
565
566
568
568
569
570
571
573
573
574
575
575
577
578
579
579
579
579
580
581
582
582
583
583
585
586
587
588
589
590
591
592
594
594
595
596
597
597
597
598
601
603
604
605
605
609
609
609
610
613
614
614
618
618
618
619
620
620
622
623
624
627
629
630
630
630
632
632
634
636
638
638
639
640
640
642
643
644
645
646
647
647
648
648
648
649
651
651
656
659
660
660
660
664
668
668
669
670
670
671
673
675
676
678
679
680
680
680
682
688
688
688
689
691
691
692
696
698
698
699
699
699
699
705
706
706
707
707
710
710
710
711
712
713
715
716
717
720
720
720
720
721
723
723
723
723
723
726
727
728
728
730
731
733
733
734
734
736
736
736
738
738
739
740
740
741
741
742
743
743
743
744
745
745
746
748
748
749
750
751
752
756
756
757
757
759
762
762
764
766
767
770
772
776
777
778
778
778
779
780
780
782
783
784
786
786
787
788
788
789
789
789
790
790
792
793
793
794
794
796
797
800
800
801
802
804
805
807
807
807
810
813
814
815
815
815
817
817
819
819
820
821
822
823
823
824
825
825
826
826
827
827
827
827
829
829
829
830
830
831
832
833
833
833
833
837
837
840
841
843
843
847
847
850
850
851
852
852
853
853
853
856
857
859
859
859
860
861
861
864
864
864
866
869
870
871
871
871
872
873
873
873
874
876
876
877
877
879
880
881
881
882
882
884
884
886
886
886
886
887
887
887
888
888
888
889
889
891
891
891
892
893
895
899
899
900
900
900
900
901
903
904
905
905
907
911
913
914
916
919
923
923
924
924
926
926
927
928
932
933
933
934
935
936
936
941
942
944
944
944
945
946
946
947
947
949
951
952
954
954
955
955
957
958
958
959
961
962
965
967
967
969
969
969
970
972
972
974
974
978
980
980
980
982
985
986
987
988
988
989
989
990
993
997
1000
1000
1000
1000
1000
1001
1002
1003
1004
1004
1004
1004
1006
1007
1008
1008
1008
1011
1012
1012
1012
1012
1013
1013
1014
1014
1015
1016
1016
1017
1017
1017
1018
1018
1018
1020
1021
1022
1023
1024
1025
1025
1026
1026
1026
1027
1028
1031
1032
1032
1032
1032
1033
1036
1037
1037
1038
1038
1041
1042
1043
1043
1044
1045
1045
1045
1047
1048
1048
1050
1050
1052
1054
1055
1055
1058
1059
1060
1060
1061
1064
1064
1065
1066
1066
1067
1068
1068
1069
1070
1070
1070
1071
1071
1071
1072
1072
1075
1075
1077
1079
1079
1081
1082
1085
1085
1087
1088
1089
1089
1089
1091
1093
1094
1097
1098
1101
1103
1103
1103
1103
1104
1106
1107
1107
1107
1108
1108
1108
1109
1110
1110
1112
1112
1114
1115
1116
1117
1117
1118
1118
1119
1119
1120
1120
1124
1124
1125
1126
1127
1127
1127
1128
1128
1128
1128
1128
1130
1130
1131
1134
1135
1135
1136
1137
1139
1141
1141
1141
1143
1145
1147
1147
1148
1149
1149
1149
1151
1152
1155
1156
1156
1156
1159
1159
1160
1160
1162
1162
1164
1165
1165
1168
1168
1168
1169
1170
1170
1170
1170
1170
1171
1178
1179
1180
1180
1182
1183
1184
1184
1184
1184
1186
1187
1187
1189
1191
1193
1193
1194
1194
1196
1198
1198
1199
1200
1200
1204
1205
1205
1205
1205
1206
1208
1208
1208
1210
1211
1212
1212
1215
1216
1216
1218
1219
1219
1219
1221
1221
1221
1222
1224
1226
1226
1226
1226
1227
1227
1227
1227
1230
1231
1234
1235
1235
1235
1236
1238
1240
1241
1244
1244
1246
1246
1246
1247
1247
1247
1249
1249
1249
1249
1249
1249
1250
1251
1252
1253
1254
1254
1257
1259
1260
1261
1261
1262
1262
1268
1269
1271
1273
1273
1274
1275
1276
1277
1278
1278
1279
1279
1280
1282
1284
1284
1285
1286
1288
1291
1292
1293
1293
1294
1294
1295
1297
1297
1297
1298
1298
1299
1300
1304
1305
1306
1307
1307
1307
1307
1308
1309
1310
1310
1312
1312
1313
1313
1313
1314
1316
1317
1318
1318
1319
1321
1321
1321
1321
1322
1322
1322
1323
1323
1324
1325
1326
1327
1328
1328
1329
1329
1334
1334
1335
1336
1337
1339
1339
1341
1342
1342
1342
1346
1346
1346
1347
1348
1350
1355
1357
1358
1358
1359
1359
1361
1361
1362
1362
1365
1369
1369
1370
1370
1370
1372
1372
1374
1375
1378
1378
1379
1381
1385
1385
1386
1387
1389
1389
1389
1390
1390
1390
1390
1392
1393
1394
1394
1395
1395
1395
1396
1398
1399
1400
1401
1401
1402
1403
1404
1407
1408
1408
1408
1408
1409
1413
1415
1415
1418
1421
1424
1425
1426
1427
1427
1427
1430
1430
1430
1430
1431
1431
1432
1432
1433
1434
1434
1436
1437
1437
1439
1439
1439
1440
1441
1441
1442
1443
1444
1444
1445
1446
1448
1449
1450
1450
1451
1451
1454
1457
1458
1460
1460
1465
1466
1466
1469
1469
1470
1471
1471
1472
1472
1472
1474
1475
1475
1476
1476
1476
1477
1477
1478
1478
1478
1478
1479
1481
1481
1481
1482
1483
1483
1484
1485
1485
1486
1486
1489
1490
1490
1492
1493
1494
1496
1500
1501
1503
1503
1503
1505
1505
1506
1507
1507
1508
1509
1510
1510
1511
1513
1514
1514
1515
1518
1518
1519
1520
1522
1526
1527
1529
1529
1530
1530
1531
1531
1531
1532
1532
1532
1533
1533
1535
1535
1536
1537
1539
1540
1542
1543
1543
1543
1544
1546
1547
1548
1548
1549
1549
1551
1551
1551
1551
1552
1555
1556
1558
1558
1558
1560
1561
1562
1563
1565
1567
1568
1569
1572
1575
1577
1577
1577
1577
1578
1578
1579
1579
1580
1582
1582
1583
1583
1584
1585
1585
1585
1588
1588
1588
1589
1589
1590
1590
1591
1595
1595
1595
1597
1599
1601
1602
1602
1604
1606
1606
1609
1609
1610
1612
1613
1614
1614
1614
1614
1614
1616
1617
1618
1619
1620
1620
1620
1620
1621
1623
1623
1625
1626
1626
1626
1627
1628
1629
1629
1629
1631
1631
1632
1632
1632
1635
1636
1637
1640
1640
1641
1641
1642
1642
1643
1647
1648
1649
1649
1651
1651
1652
1653
1654
1654
1654
1654
1655
1655
1656
1656
1656
1656
1659
1659
1661
1662
1663
1663
1664
1664
1664
1665
1666
1667
1668
1668
1669
1670
1670
1675
1676
1677
1678
1680
1682
1683
1684
1685
1686
1687
1690
1691
1691
1693
1694
1695
1696
1699
1699
1701
1701
1701
1702
1703
1704
1704
1704
1707
1708
1713
1714
1716
1716
1717
1718
1718
1718
1719
1719
1721
1722
1722
1723
1723
1724
1724
1724
1725
1726
1726
1726
1728
1728
1730
1731
1732
1733
1735
1735
1736
1736
1736
1736
1736
1736
1737
1738
1738
1739
1741
1741
1742
1742
1742
1743
1743
1744
1745
1746
1746
1747
1747
1747
1747
1749
1750
1751
1752
1752
1753
1753
1755
1755
1756
1756
1758
1759
1759
1760
1761
1762
1763
1764
1764
1766
1766
1767
1767
1768
1768
1770
1770
1771
1772
1775
1775
1778
1778
1781
1781
1785
1785
1786
1786
1787
1789
1790
1791
1792
1793
1793
1794
1795
1795
1796
1796
1798
1798
1799
1799
1801
1802
1803
1804
1804
1805
1807
1807
1809
1809
1809
1810
1811
1811
1812
1812
1815
1815
1816
1817
1817
1817
1818
1820
1821
1822
1822
1823
1823
1824
1824
1825
1827
1827
1828
1829
1829
1830
1831
1832
1833
1835
1836
1837
1838
1839
1839
1840
1841
1842
1842
1843
1843
1844
1845
1845
1845
1847
1848
1851
1853
1854
1856
1856
1857
1859
1861
1862
1864
1865
1867
1867
1867
1869
1870
1870
1870
1873
1873
1875
1876
1877
1877
1879
1879
1879
1880
1883
1884
1885
1885
1886
1887
1887
1888
1890
1892
1892
1893
1893
1894
1895
1895
1895
1896
1896
1897
1897
1897
1901
1901
1903
1903
1905
1905
1907
1910
1910
1911
1911
1912
1916
1918
1918
1919
1919
1921
1922
1924
1924
1926
1927
1927
1931
1931
1932
1932
1932
1933
1933
1933
1933
1934
1934
1935
1938
1940
1940
1942
1942
1943
1945
1946
1946
1947
1947
1948
1948
1949
1950
1950
1951
1951
1951
1952
1953
1953
1956
1956
1957
1959
1961
1963
1965
1966
1966
1967
1968
1968
1970
1970
1971
1972
1972
1974
1974
1975
1977
1977
1979
1979
1980
1980
1980
1982
1984
1987
1987
1988
1989
1989
1992
1995
1996
1997
1997
1998
1998
1998
1999
1999
1999
2000
2000
2000
2002
2008
2009
2011
2012
2013
2016
2017
2018
2019
2019
2020
2022
2023
2025
2026
2028
2028
2029
2030
2031
2032
2033
2034
2037
2038
2038
2039
2041
2043
2043
2043
2044
2045
2046
2046
2046
2046
2046
2047
2048
2049
2051
2051
2052
2052
2053
2053
2053
2054
2057
2057
2060
2060
2061
2061
2062
2062
2064
2065
2066
2067
2067
2069
2069
2069
2069
2070
2072
2072
2072
2074
2074
2074
2074
2075
2075
2075
2077
2077
2078
2079
2080
2080
2080
2080
2082
2082
2083
2084
2086
2087
2087
2088
2088
2089
2089
2089
2090
2092
2092
2093
2094
2096
2097
2097
2098
2098
2098
2099
2101
2104
2106
2106
2108
2109
2109
2109
2110
2110
2111
2111
2113
2113
2113
2115
2116
2118
2118
2122
2123
2123
2124
2125
2126
2128
2128
2129
2131
2131
2132
2132
2133
2135
2136
2136
2137
2138
2140
2141
2141
2142
2142
2144
2146
2151
2151
2152
2152
2157
2158
2158
2160
2161
2162
2163
2163
2163
2163
2164
2164
2165
2167
2167
2168
2168
2168
2170
2171
2171
2172
2172
2173
2175
2178
2179
2180
2182
2183
2184
2185
2186
2187
2188
2188
2189
2190
2192
2194
2195
2195
2196
2198
2198
2199
2199
2199
2200
2201
2201
2203
2204
2204
2206
2208
2208
2208
2208
2211
2212
2215
2215
2219
2220
2222
2224
2226
2227
2227
2227
2227
2229
2229
2229
2230
2232
2233
2234
2235
2236
2238
2238
2240
2241
2241
2242
2243
2247
2248
2249
2249
2249
2249
2252
2252
2253
2253
2253
2254
2256
2257
2258
2258
2262
2265
2267
2267
2268
2268
2269
2269
2269
2269
2271
2272
2272
2272
2273
2273
2273
2274
2277
2278
2278
2278
2281
2283
2284
2288
2288
2289
2289
2290
2290
2291
2292
2293
2293
2294
2294
2295
2296
2297
2297
2299
2301
2306
2308
2308
2309
2311
2312
2312
2313
2314
2315
2316
2317
2318
2319
2319
2319
2319
2320
2320
2321
2322
2323
2324
2324
2325
2325
2326
2329
2332
2332
2333
2334
2335
2336
2340
2340
2340
2341
2341
2342
2345
2345
2347
2348
2348
2349
2349
2349
2351
2354
2355
2355
2356
2359
2361
2365
2366
2367
2368
2368
2368
2369
2369
2370
2377
2379
2381
2383
2384
2386
2386
2386
2387
2388
2389
2390
2390
2391
2393
2394
2394
2396
2397
2398
2398
2398
2402
2402
2402
2403
2404
2404
2406
2407
2407
2408
2409
2411
2412
2412
2413
2415
2415
2415
2415
2417
2417
2418
2418
2419
2421
2421
2422
2424
2426
2427
2427
2428
2428
2431
2433
2433
2435
2436
2443
2444
2445
2447
2448
2449
2450
2450
2451
2451
2451
2452
2452
2453
2454
2455
2455
2455
2458
2464
2465
2465
2466
2468
2468
2469
2470
2475
2475
2475
2477
2477
2478
2478
2480
2481
2485
2487
2488
2488
2490
2490
2490
2491
2491
2494
2495
2498
2499
2499
2500
2501
2501
2503
2504
2504
2505
2506
2506
2507
2507
2507
2507
2509
2509
2511
2512
2512
2513
2514
2516
2517
2517
2518
2522
2522
2523
2524
2525
2530
2531
2531
2532
2533
2533
2534
2535
2537
2537
2540
2540
2541
2542
2542
2543
2543
2544
2546
2546
2547
2547
2548
2548
2549
2549
2550
2552
2554
2554
2555
2556
2556
2558
2563
2564
2566
2567
2569
2575
2576
2577
2579
2580
2580
2580
2580
2581
2583
2585
2585
2586
2587
2588
2590
2590
2590
2593
2594
2594
2595
2595
2596
2597
2597
2598
2598
2598
2598
2598
2601
2601
2601
2603
2604
2604
2606
2607
2607
2610
2610
2610
2611
2612
2613
2613
2616
2617
2618
2619
2623
2624
2624
2625
2629
2630
2631
2631
2634
2634
2634
2636
2636
2637
2637
2637
2638
2640
2641
2641
2642
2643
2643
2643
2644
2645
2645
2653
2655
2658
2658
2659
2659
2661
2661
2661
2665
2665
2665
2666
2667
2667
2668
2669
2669
2671
2672
2673
2674
2675
2678
2679
2680
2681
2683
2683
2684
2684
2685
2685
2687
2688
2688
2689
2691
2692
2692
2693
2693
2694
2696
2698
2699
2700
2700
2701
2701
2701
2702
2702
2703
2703
2706
2706
2707
2708
2709
2710
2711
2711
2712
2715
2715
2716
2717
2718
2718
2719
2726
2727
2728
2728
2730
2731
2733
2734
2735
2736
2737
2737
2738
2738
2742
2742
2743
2745
2745
2745
2749
2750
2750
2750
2751
2751
2751
2751
2753
2754
2754
2756
2756
2756
2757
2758
2759
2760
2760
2760
2760
2761
2762
2763
2765
2766
2767
2767
2767
2767
2770
2773
2780
2782
2782
2784
2786
2788
2788
2788
2788
2789
2790
2790
2790
2791
2791
2794
2794
2795
2795
2796
2797
2798
2799
2799
2802
2802
2803
2805
2807
2807
2810
2810
2812
2813
2815
2816
2817
2819
2820
2821
2821
2822
2824
2824
2825
2828
2828
2829
2829
2830
2830
2833
2833
2834
2834
2835
2837
2838
2838
2838
2841
2841
2843
2843
2844
2844
2846
2846
2847
2848
2853
2853
2853
2855
2856
2857
2858
2858
2860
2860
2862
2862
2863
2865
2865
2866
2867
2867
2870
2870
2870
2870
2870
2870
2871
2871
2875
2875
2876
2876
2878
2879
2879
2880
2880
2880
2884
2887
2887
2887
2888
2889
2889
2890
2891
2893
2897
2898
2898
2899
2901
2902
2902
2904
2904
2904
2907
2909
2909
2910
2910
2912
2913
2913
2914
2916
2917
2919
2920
2920
2921
2921
2921
2922
2924
2924
2924
2926
2931
2932
2933
2934
2935
2936
2937
2938
2939
2941
2942
2942
2943
2944
2945
2946
2947
2948
2949
2950
2951
2951
2954
2955
2955
2956
2957
2957
2957
2957
2965
2966
2966
2967
2970
2971
2971
2973
2974
2975
2977
2978
2981
2981
2982
2983
2983
2984
2984
2985
2986
2988
2989
2990
2991
2991
2994
2994
2995
2998
2998
2999
3000
3001
3002
3003
3003
3003
3004
3004
3004
3007
3009
3009
3011
3012
3012
3012
3016
3017
3017
3017
3017
3019
3020
3020
3021
3021
3022
3022
3022
3023
3024
3025
3027
3027
3030
3031
3032
3032
3033
3033
3033
3034
3036
3036
3036
3036
3041
3041
3048
3049
3050
3051
3053
3053
3053
3053
3053
3055
3057
3058
3059
3059
3061
3062
3063
3063
3063
3066
3068
3068
3069
3071
3071
3072
3072
3076
3077
3081
3082
3082
3085
3088
3088
3089
3089
3089
3094
3095
3096
3097
3097
3097
3097
3098
3100
3100
3100
3102
3103
3103
3103
3105
3105
3106
3107
3109
3113
3114
3114
3114
3115
3116
3117
3118
3119
3123
3123
3125
3126
3127
3127
3127
3128
3129
3131
3132
3133
3134
3135
3135
3135
3136
3136
3137
3137
3139
3140
3140
3141
3143
3143
3143
3145
3145
3146
3147
3149
3149
3152
3152
3153
3153
3154
3154
3155
3155
3156
3156
3156
3156
3157
3157
3158
3159
3159
3160
3162
3163
3163
3163
3164
3164
3165
3165
3167
3167
3169
3169
3171
3172
3173
3173
3174
3175
3176
3177
3179
3179
3180
3181
3181
3182
3184
3184
3184
3184
3185
3186
3186
3187
3188
3189
3190
3192
3192
3193
3193
3194
3195
3195
3195
3195
3198
3198
3199
3199
3199
3200
3200
3200
3201
3202
3202
3202
3203
3203
3204
3204
3207
3208
3208
3209
3210
3211
3212
3212
3213
3213
3215
3215
3216
3217
3218
3222
3223
3223
3224
3224
3228
3228
3229
3233
3236
3236
3237
3237
3238
3238
3238
3239
3239
3239
3240
3241
3242
3242
3243
3245
3245
3249
3250
3254
3254
3254
3255
3255
3256
3257
3258
3260
3261
3263
3264
3264
3266
3267
3267
3268
3268
3270
3270
3271
3273
3274
3275
3275
3276
3277
3277
3278
3280
3280
3280
3280
3284
3284
3284
3285
3285
3289
3289
3289
3290
3291
3292
3293
3293
3293
3294
3295
3296
3297
3297
3301
3302
3302
3302
3305
3307
3307
3308
3309
3310
3311
3311
3311
3312
3312
3314
3314
3314
3315
3315
3316
3318
3319
3319
3320
3321
3322
3323
3324
3326
3327
3330
3330
3331
3331
3332
3335
3338
3338
3338
3338
3339
3339
3339
3339
3341
3341
3341
3342
3342
3342
3343
3343
3343
3344
3345
3346
3347
3347
3347
3354
3354
3354
3355
3355
3355
3358
3360
3360
3360
3361
3361
3361
3361
3361
3361
3362
3362
3363
3367
3367
3367
3368
3369
3369
3369
3371
3372
3372
3372
3373
3377
3377
3378
3378
3381
3381
3381
3382
3384
3386
3387
3388
3389
3389
3390
3390
3391
3391
3392
3392
3392
3396
3396
3397
3397
3398
3401
3401
3402
3402
3402
3405
3406
3406
3407
3408
3408
3409
3410
3411
3411
3412
3414
3417
3418
3419
3419
3419
3419
3419
3425
3425
3428
3428
3430
3431
3432
3433
3433
3436
3437
3437
3439
3440
3441
3442
3444
3446
3446
3446
3448
3449
3449
3450
3451
3451
3453
3454
3454
3458
3458
3460
3461
3462
3463
3464
3464
3469
3470
3471
3473
3474
3475
3475
3476
3477
3477
3478
3479
3482
3484
3485
3486
3487
3487
3488
3488
3488
3489
3489
3490
3490
3492
3493
3494
3494
3495
3497
3499
3499
3502
3504
3505
3506
3506
3506
3508
3509
3509
3510
3510
3511
3512
3512
3513
3516
3520
3520
3521
3521
3522
3524
3525
3525
3527
3528
3529
3530
3532
3532
3535
3535
3535
3535
3537
3537
3538
3538
3538
3539
3540
3540
3540
3540
3541
3543
3543
3544
3544
3545
3548
3548
3549
3549
3549
3551
3555
3555
3556
3557
3557
3559
3560
3560
3560
3562
3563
3563
3564
3565
3566
3567
3568
3569
3570
3570
3572
3572
3576
3576
3577
3578
3578
3579
3581
3581
3582
3582
3582
3584
3585
3585
3585
3586
3587
3589
3590
3590
3590
3591
3592
3593
3594
3594
3595
3596
3599
3599
3602
3603
3603
3604
3606
3609
3610
3611
3612
3612
3615
3615
3618
3619
3621
3621
3622
3624
3628
3628
3628
3630
3630
3630
3631
3632
3633
3633
3634
3635
3636
3637
3637
3637
3638
3639
3640
3641
3645
3646
3647
3648
3650
3650
3650
3650
3651
3654
3654
3656
3656
3656
3658
3658
3661
3663
3663
3663
3665
3665
3667
3667
3667
3670
3670
3670
3672
3672
3672
3672
3672
3674
3674
3675
3675
3679
3681
3681
3682
3683
3684
3684
3684
3686
3688
3690
3690
3692
3692
3694
3697
3698
3698
3699
3702
3705
3706
3706
3707
3708
3710
3712
3712
3713
3713
3716
3718
3718
3718
3723
3723
3725
3728
3729
3730
3731
3733
3734
3734
3735
3735
3736
3736
3736
3739
3739
3740
3741
3744
3746
3747
3747
3749
3750
3751
3752
3752
3752
3753
3756
3756
3758
3758
3759
3760
3761
3761
3764
3765
3765
3765
3767
3767
3768
3769
3770
3770
3771
3771
3771
3772
3772
3773
3773
3774
3774
3774
3774
3777
3777
3778
3782
3782
3782
3783
3786
3786
3787
3787
3787
3789
3791
3791
3793
3793
3793
3793
3795
3795
3796
3796
3797
3797
3798
3798
3798
3799
3800
3800
3801
3802
3803
3804
3804
3805
3806
3808
3808
3808
3809
3810
3810
3810
3812
3812
3812
3813
3813
3813
3816
3816
3816
3816
3817
3818
3818
3819
3819
3819
3819
3821
3822
3823
3825
3828
3828
3830
3830
3830
3831
3831
3832
3833
3834
3835
3838
3842
3844
3845
3846
3846
3846
3849
3852
3854
3854
3854
3856
3858
3860
3864
3864
3865
3865
3867
3867
3868
3868
3872
3875
3876
3876
3877
3880
3880
3880
3880
3881
3881
3881
3881
3881
3882
3882
3883
3883
3883
3884
3885
3886
3890
3890
3892
3897
3898
3898
3899
3900
3900
3900
3902
3902
3903
3904
3904
3905
3906
3907
3908
3910
3911
3911
3911
3913
3914
3914
3915
3915
3915
3916
3919
3920
3921
3922
3924
3924
3925
3926
3926
3927
3929
3929
3930
3931
3932
3933
3934
3934
3936
3937
3937
3938
3939
3940
3940
3941
3941
3941
3942
3942
3943
3944
3945
3946
3946
3946
3947
3947
3951
3952
3953
3953
3954
3954
3956
3958
3959
3959
3961
3961
3963
3965
3969
3969
3970
3971
3971
3972
3972
3972
3972
3974
3975
3976
3976
3976
3976
3977
3978
3979
3979
3981
3981
3984
3984
3985
3987
3989
3990
3990
3991
3992
3994
3994
3994
3995
3996
3998
3998
3998
3999
4001
4004
4005
4005
4006
4006
4011
4011
4012
4012
4013
4013
4014
4014
4015
4015
4015
4015
4016
4017
4017
4017
4018
4018
4018
4020
4021
4021
4022
4024
4024
4025
4028
4029
4030
4030
4032
4033
4035
4039
4041
4042
4044
4044
4044
4045
4046
4047
4050
4054
4055
4056
4056
4057
4058
4058
4059
4059
4060
4060
4063
4064
4064
4065
4065
4066
4066
4068
4068
4069
4069
4069
4069
4069
4069
4071
4072
4072
4073
4074
4074
4075
4075
4077
4077
4079
4080
4080
4081
4081
4081
4081
4083
4084
4085
4086
4087
4088
4088
4088
4090
4092
4093
4094
4095
4098
4098
4099
4099
4100
4101
4101
4102
4103
4104
4105
4105
4107
4108
4108
4108
4109
4109
4109
4109
4110
4111
4112
4113
4114
4117
4118
4120
4121
4121
4122
4122
4122
4123
4126
4126
4127
4127
4128
4128
4132
4133
4134
4136
4137
4139
4141
4144
4144
4144
4146
4148
4149
4149
4149
4151
4152
4153
4153
4153
4154
4156
4157
4157
4158
4159
4160
4161
4161
4162
4162
4163
4165
4165
4166
4166
4167
4167
4167
4167
4167
4168
4170
4171
4171
4171
4172
4172
4172
4175
4175
4177
4178
4178
4178
4178
4180
4180
4182
4183
4183
4184
4184
4184
4186
4186
4186
4188
4189
4189
4190
4190
4190
4190
4193
4195
4195
4196
4196
4196
4198
4198
4198
4199
4199
4199
4200
4200
4201
4201
4202
4203
4203
4204
4205
4206
4208
4211
4217
4218
4219
4220
4222
4223
4223
4223
4224
4225
4226
4226
4227
4229
4230
4232
4233
4234
4234
4235
4235
4236
4236
4237
4237
4238
4242
4242
4243
4245
4246
4247
4248
4249
4250
4251
4251
4252
4252
4253
4253
4254
4255
4256
4257
4258
4260
4260
4262
4263
4263
4264
4266
4267
4267
4268
4268
4271
4272
4274
4274
4275
4275
4276
4277
4278
4280
4280
4281
4281
4282
4282
4282
4283
4284
4285
4285
4286
4286
4287
4288
4289
4291
4291
4292
4293
4294
4295
4295
4296
4296
4298
4299
4299
4299
4300
4300
4301
4302
4302
4303
4303
4304
4304
4305
4305
4306
4307
4308
4308
4313
4313
4315
4316
4319
4320
4320
4320
4321
4321
4321
4321
4322
4323
4325
4326
4327
4327
4329
4331
4335
4337
4337
4337
4338
4341
4342
4343
4343
4344
4345
4346
4347
4347
4347
4347
4348
4348
4349
4351
4352
4355
4357
4358
4358
4360
4361
4362
4363
4363
4365
4365
4367
4368
4370
4370
4373
4373
4374
4375
4377
4377
4378
4379
4381
4381
4382
4382
4382
4384
4384
4385
4386
4389
4391
4391
4392
4393
4393
4394
4395
4395
4397
4398
4401
4403
4405
4407
4407
4407
4407
4411
4411
4411
4412
4413
4414
4414
4414
4415
4415
4416
4416
4417
4417
4417
4418
4420
4420
4420
4421
4421
4422
4424
4424
4425
4425
4426
4426
4426
4429
4429
4429
4430
4430
4431
4431
4431
4431
4432
4437
4439
4442
4442
4443
4443
4444
4444
4445
4446
4446
4447
4448
4448
4449
4449
4450
4451
4451
4452
4452
4453
4453
4454
4454
4454
4456
4457
4457
4458
4459
4461
4461
4462
4465
4466
4467
4467
4467
4468
4468
4468
4469
4470
4470
4470
4471
4472
4472
4474
4476
4478
4481
4481
4483
4484
4485
4487
4488
4489
4489
4490
4493
4494
4494
4495
4496
4497
4497
4498
4498
4499
4499
4501
4502
4503
4504
4504
4505
4507
4509
4511
4511
4512
4512
4516
4517
4517
4517
4523
4523
4523
4525
4525
4526
4528
4528
4528
4530
4532
4532
4533
4533
4535
4535
4535
4536
4539
4539
4540
4541
4542
4542
4543
4544
4545
4546
4547
4547
4547
4548
4548
4550
4551
4552
4554
4554
4555
4556
4556
4558
4558
4560
4562
4562
4563
4566
4569
4570
4571
4571
4571
4573
4575
4575
4576
4578
4578
4579
4584
4587
4587
4591
4593
4593
4594
4595
4596
4597
4598
4599
4599
4600
4600
4601
4601
4602
4604
4605
4605
4606
4609
4609
4611
4613
4616
4617
4619
4621
4627
4627
4629
4630
4632
4632
4634
4635
4636
4638
4641
4642
4642
4644
4644
4646
4647
4649
4651
4654
4654
4654
4655
4655
4656
4657
4658
4659
4661
4661
4661
4662
4663
4664
4664
4666
4667
4667
4669
4670
4670
4671
4672
4676
4681
4681
4683
4683
4684
4684
4686
4686
4691
4691
4692
4692
4695
4696
4696
4698
4699
4700
4701
4703
4703
4704
4705
4705
4706
4706
4706
4706
4709
4709
4710
4710
4713
4715
4718
4722
4722
4723
4723
4724
4727
4727
4728
4728
4732
4732
4737
4738
4738
4738
4738
4739
4739
4739
4740
4740
4740
4741
4741
4742
4743
4744
4744
4746
4746
4746
4747
4748
4749
4750
4750
4752
4754
4754
4754
4754
4755
4755
4756
4756
4757
4757
4758
4758
4761
4761
4763
4763
4763
4765
4767
4768
4768
4768
4769
4769
4772
4774
4775
4775
4775
4777
4778
4779
4779
4780
4781
4781
4782
4784
4785
4787
4788
4790
4794
4796
4796
4796
4796
4797
4798
4799
4801
4803
4804
4805
4806
4806
4807
4808
4808
4809
4810
4810
4810
4811
4811
4812
4812
4813
4814
4815
4818
4819
4819
4820
4821
4821
4821
4824
4826
4826
4827
4828
4829
4829
4830
4831
4831
4831
4831
4832
4832
4832
4832
4832
4833
4834
4834
4836
4836
4836
4837
4839
4839
4840
4840
4840
4844
4845
4846
4847
4848
4848
4851
4851
4851
4852
4852
4854
4854
4855
4855
4857
4857
4858
4858
4859
4862
4863
4864
4867
4867
4868
4869
4870
4871
4872
4876
4877
4878
4879
4882
4883
4883
4884
4884
4885
4886
4888
4890
4890
4890
4892
4894
4896
4897
4897
4899
4901
4902
4902
4903
4904
4905
4905
4906
4906
4908
4911
4914
4914
4914
4914
4915
4915
4916
4917
4917
4917
4920
4922
4924
4925
4927
4927
4928
4929
4932
4932
4932
4935
4935
4935
4936
4937
4937
4940
4940
4940
4941
4941
4941
4942
4945
4946
4949
4949
4950
4952
4954
4955
4955
4955
4956
4957
4957
4958
4958
4960
4968
4968
4971
4973
4975
4976
4978
4978
4979
4981
4982
4983
4983
4983
4985
4987
4987
4988
4988
4991
4992
4997
4997
4998
4998
4999
4999
4999
4999
5001
5002
5003
5004
5004
5004
5005
5005
5006
5006
5007
5008
5009
5009
5010
5011
5014
5014
5015
5015
5016
5016
5016
5018
5021
5022
5022
5023
5024
5025
5025
5027
5030
5031
5031
5031
5031
5032
5032
5033
5034
5034
5036
5039
5039
5041
5043
5044
5044
5045
5045
5046
5046
5047
5048
5050
5051
5053
5055
5056
5058
5058
5060
5061
5062
5062
5063
5064
5064
5065
5065
5066
5066
5068
5069
5070
5071
5071
5073
5074
5075
5075
5076
5079
5080
5084
5085
5085
5086
5086
5087
5089
5090
5092
5092
5093
5094
5095
5096
5096
5097
5098
5098
5100
5101
5102
5103
5104
5105
5105
5106
5107
5107
5108
5111
5113
5114
5118
5119
5120
5121
5129
5130
5132
5133
5134
5135
5135
5135
5136
5137
5137
5138
5138
5139
5139
5139
5140
5140
5141
5142
5142
5143
5143
5143
5144
5146
5147
5147
5147
5147
5149
5150
5152
5153
5154
5155
5156
5157
5158
5159
5162
5163
5164
5165
5167
5167
5167
5168
5168
5170
5170
5173
5174
5176
5177
5181
5181
5181
5183
5184
5185
5189
5190
5191
5191
5194
5194
5194
5199
5199
5201
5202
5202
5204
5206
5207
5208
5209
5209
5211
5212
5213
5213
5214
5216
5216
5218
5218
5220
5221
5222
5222
5224
5224
5224
5225
5225
5226
5229
5229
5230
5231
5231
5231
5232
5232
5232
5235
5235
5236
5238
5238
5239
5240
5241
5242
5242
5243
5244
5244
5244
5244
5245
5246
5246
5247
5247
5247
5247
5248
5249
5250
5250
5251
5251
5251
5252
5252
5255
5256
5256
5256
5257
5258
5259
5261
5261
5261
5264
5265
5271
5273
5274
5276
5276
5277
5279
5280
5284
5285
5286
5287
5287
5288
5291
5293
5294
5294
5297
5297
5298
5299
5300
5301
5301
5302
5305
5307
5307
5310
5312
5313
5314
5314
5314
5314
5314
5316
5317
5318
5320
5322
5323
5326
5326
5327
5327
5327
5328
5329
5329
5330
5330
5330
5330
5331
5331
5332
5335
5337
5339
5340
5341
5343
5343
5345
5346
5347
5347
5348
5348
5348
5349
5349
5350
5350
5351
5351
5351
5353
5353
5355
5355
5356
5357
5360
5361
5363
5365
5365
5365
5366
5366
5369
5370
5373
5375
5377
5377
5378
5378
5381
5382
5382
5384
5384
5385
5385
5386
5388
5388
5390
5394
5394
5395
5397
5397
5397
5398
5398
5398
5398
5400
5400
5401
5401
5401
5402
5404
5404
5405
5407
5408
5409
5409
5410
5410
5411
5411
5413
5414
5414
5414
5416
5418
5419
5421
5422
5423
5423
5423
5425
5427
5428
5428
5431
5431
5434
5435
5436
5436
5437
5439
5441
5442
5443
5444
5445
5447
5447
5448
5448
5449
5450
5451
5455
5459
5460
5462
5465
5466
5469
5469
5469
5470
5470
5471
5471
5472
5472
5474
5474
5477
5479
5479
5479
5479
5483
5485
5487
5489
5489
5494
5495
5496
5498
5501
5501
5502
5502
5503
5504
5504
5506
5507
5507
5509
5510
5511
5512
5513
5513
5514
5516
5517
5519
5519
5520
5520
5521
5522
5522
5523
5524
5525
5526
5528
5529
5530
5531
5531
5532
5533
5534
5536
5538
5540
5541
5541
5542
5544
5547
5548
5549
5550
5551
5551
5552
5552
5554
5554
5554
5554
5556
5557
5558
5559
5560
5560
5561
5561
5562
5563
5564
5564
5565
5566
5567
5567
5568
5568
5568
5568
5569
5570
5570
5571
5575
5575
5576
5578
5579
5580
5580
5581
5581
5582
5582
5583
5583
5583
5584
5585
5585
5587
5588
5590
5591
5593
5594
5596
5597
5598
5600
5601
5602
5602
5603
5606
5606
5606
5607
5608
5610
5611
5611
5612
5617
5617
5617
5618
5619
5620
5620
5622
5624
5626
5627
5627
5629
5629
5630
5631
5631
5632
5633
5634
5634
5635
5636
5636
5638
5642
5643
5644
5645
5645
5645
5646
5648
5651
5653
5653
5654
5659
5661
5661
5661
5663
5665
5665
5665
5665
5665
5668
5671
5671
5673
5674
5677
5677
5680
5683
5684
5685
5686
5686
5688
5688
5689
5689
5692
5693
5693
5694
5696
5697
5698
5698
5699
5702
5703
5705
5706
5706
5707
5707
5707
5708
5708
5709
5711
5712
5712
5713
5713
5713
5713
5713
5716
5716
5717
5717
5718
5718
5719
5720
5720
5720
5721
5722
5722
5724
5724
5724
5726
5727
5728
5729
5730
5731
5732
5732
5734
5735
5737
5739
5740
5740
5742
5744
5745
5746
5747
5748
5749
5749
5750
5751
5751
5751
5753
5753
5758
5758
5759
5760
5760
5761
5761
5762
5763
5765
5766
5767
5768
5768
5769
5769
5770
5771
5772
5775
5775
5776
5781
5782
5788
5788
5789
5790
5790
5791
5791
5792
5793
5798
5799
5800
5801
5801
5801
5803
5803
5804
5804
5805
5805
5805
5810
5812
5814
5815
5816
5816
5819
5819
5820
5821
5824
5825
5825
5826
5826
5827
5827
5833
5835
5836
5837
5838
5839
5839
5840
5845
5846
5846
5848
5848
5850
5850
5851
5852
5852
5855
5855
5856
5856
5857
5857
5857
5857
5859
5860
5863
5865
5865
5866
5866
5867
5871
5871
5871
5872
5874
5875
5875
5877
5879
5879
5880
5880
5880
5880
5885
5886
5888
5889
5890
5891
5892
5893
5894
5895
5896
5897
5897
5898
5899
5900
5900
5902
5902
5904
5904
5905
5906
5907
5909
5909
5910
5911
5913
5914
5915
5915
5915
5915
5916
5918
5920
5923
5926
5929
5930
5931
5932
5933
5933
5933
5934
5934
5935
5935
5936
5936
5937
5939
5941
5942
5942
5944
5944
5945
5946
5946
5946
5947
5949
5950
5951
5953
5953
5954
5954
5955
5955
5956
5957
5958
5959
5960
5963
5965
5967
5968
5968
5971
5972
5973
5974
5975
5978
5979
5983
5983
5984
5985
5990
5994
5997
5997
5998
5998
5999
5999
5999
6000
6001
6002
6002
6003
6003
6004
6004
6004
6005
6006
6007
6008
6009
6011
6011
6012
6012
6012
6015
6015
6015
6021
6021
6023
6024
6024
6027
6029
6029
6030
6031
6034
6034
6036
6036
6039
6042
6042
6043
6043
6045
6045
6045
6046
6046
6046
6049
6050
6051
6052
6054
6055
6055
6056
6057
6057
6059
6061
6062
6062
6064
6065
6065
6067
6067
6069
6070
6071
6071
6071
6074
6076
6076
6077
6078
6080
6082
6083
6084
6084
6084
6085
6085
6088
6089
6090
6091
6091
6093
6093
6094
6095
6095
6097
6098
6098
6099
6099
6100
6100
6103
6103
6105
6106
6106
6107
6108
6108
6109
6110
6112
6113
6114
6117
6117
6118
6121
6121
6121
6124
6124
6125
6126
6127
6127
6127
6129
6130
6131
6133
6134
6135
6136
6136
6137
6137
6138
6138
6143
6144
6145
6145
6145
6145
6146
6151
6151
6153
6153
6154
6154
6155
6158
6159
6160
6160
6163
6163
6163
6163
6163
6163
6163
6166
6167
6168
6168
6172
6172
6172
6173
6173
6174
6177
6178
6180
6181
6182
6182
6182
6182
6183
6184
6184
6186
6186
6189
6190
6192
6193
6193
6196
6196
6196
6196
6197
6198
6199
6201
6206
6207
6208
6209
6212
6213
6214
6215
6217
6218
6219
6219
6219
6222
6225
6226
6226
6228
6228
6229
6229
6230
6232
6233
6236
6237
6237
6238
6238
6238
6239
6239
6242
6243
6245
6245
6246
6247
6247
6249
6251
6252
6253
6253
6254
6254
6254
6254
6257
6259
6260
6261
6261
6263
6263
6263
6264
6266
6270
6271
6271
6272
6274
6275
6275
6276
6278
6279
6280
6282
6283
6283
6284
6284
6284
6286
6289
6289
6290
6291
6292
6292
6293
6294
6296
6296
6296
6297
6297
6298
6298
6298
6299
6300
6302
6304
6305
6305
6307
6308
6308
6308
6309
6309
6311
6312
6313
6313
6313
6314
6315
6316
6316
6316
6316
6317
6317
6318
6318
6319
6319
6319
6320
6320
6324
6324
6326
6330
6331
6331
6333
6334
6335
6338
6339
6340
6340
6342
6342
6344
6344
6345
6346
6348
6348
6348
6349
6350
6351
6351
6352
6352
6353
6354
6354
6356
6357
6358
6359
6360
6362
6362
6364
6366
6367
6372
6375
6377
6377
6378
6378
6379
6379
6379
6380
6380
6382
6383
6384
6384
6385
6387
6387
6388
6389
6389
6391
6392
6392
6394
6395
6395
6396
6397
6397
6398
6399
6399
6399
6400
6401
6403
6404
6404
6404
6406
6409
6411
6412
6412
6415
6416
6417
6417
6418
6418
6420
6423
6425
6425
6426
6426
6426
6427
6427
6427
6430
6431
6432
6434
6434
6436
6438
6438
6439
6440
6440
6441
6444
6445
6446
6446
6449
6449
6450
6450
6450
6452
6452
6452
6452
6452
6454
6455
6455
6455
6456
6456
6458
6459
6459
6460
6461
6462
6463
6464
6464
6466
6466
6467
6467
6469
6469
6471
6472
6472
6480
6481
6482
6482
6483
6485
6485
6485
6485
6487
6487
6488
6488
6489
6492
6492
6494
6496
6497
6498
6500
6500
6501
6501
6503
6504
6504
6505
6506
6506
6508
6508
6509
6511
6511
6511
6514
6514
6515
6517
6519
6522
6522
6524
6524
6524
6526
6526
6526
6527
6528
6529
6531
6531
6534
6534
6537
6540
6540
6542
6542
6547
6548
6548
6549
6550
6551
6551
6552
6553
6555
6556
6558
6559
6560
6563
6563
6564
6564
6564
6564
6566
6566
6567
6568
6569
6570
6570
6574
6574
6576
6576
6577
6578
6579
6580
6582
6582
6582
6583
6583
6583
6586
6586
6587
6591
6592
6593
6594
6597
6598
6598
6600
6601
6603
6605
6606
6606
6607
6609
6609
6611
6612
6612
6613
6615
6615
6616
6617
6618
6620
6620
6621
6621
6621
6622
6624
6625
6628
6629
6632
6633
6635
6638
6638
6638
6638
6639
6641
6642
6642
6645
6646
6648
6649
6649
6652
6652
6653
6653
6654
6655
6655
6656
6656
6657
6658
6658
6659
6659
6659
6660
6661
6662
6663
6663
6665
6666
6667
6670
6671
6674
6674
6675
6676
6676
6676
6678
6678
6681
6682
6682
6683
6683
6684
6684
6684
6685
6687
6687
6690
6691
6693
6693
6693
6694
6694
6695
6696
6696
6697
6697
6698
6698
6698
6701
6701
6704
6706
6708
6708
6709
6710
6710
6711
6711
6713
6714
6714
6717
6718
6718
6721
6721
6723
6724
6726
6729
6731
6731
6731
6732
6734
6736
6738
6738
6740
6740
6741
6741
6743
6744
6744
6744
6746
6747
6747
6751
6751
6752
6752
6756
6758
6759
6761
6761
6761
6764
6765
6766
6768
6769
6770
6771
6774
6776
6777
6777
6777
6778
6781
6782
6783
6783
6785
6786
6787
6787
6787
6788
6790
6790
6791
6791
6791
6793
6794
6795
6797
6799
6802
6802
6803
6803
6804
6804
6805
6807
6808
6808
6808
6808
6809
6812
6812
6813
6813
6813
6814
6814
6814
6815
6816
6817
6817
6817
6818
6819
6820
6820
6822
6822
6822
6824
6824
6825
6825
6825
6826
6826
6827
6829
6830
6833
6836
6838
6838
6840
6840
6841
6841
6843
6843
6843
6844
6847
6847
6847
6847
6848
6848
6849
6850
6851
6852
6852
6853
6854
6855
6859
6859
6860
6861
6862
6863
6864
6866
6866
6866
6867
6869
6870
6870
6871
6871
6872
6873
6874
6875
6875
6875
6876
6877
6877
6879
6883
6884
6885
6886
6886
6886
6888
6888
6889
6890
6891
6892
6896
6898
6899
6904
6904
6904
6904
6904
6905
6906
6906
6907
6907
6907
6908
6908
6909
6909
6911
6913
6913
6914
6917
6919
6919
6920
6921
6921
6921
6923
6924
6928
6928
6929
6929
6932
6933
6934
6934
6934
6936
6937
6939
6941
6945
6945
6945
6945
6947
6948
6948
6951
6953
6954
6955
6957
6959
6959
6960
6961
6962
6962
6963
6963
6966
6966
6966
6967
6968
6969
6972
6974
6975
6976
6977
6977
6977
6979
6979
6980
6980
6981
6982
6987
6988
6991
6992
6993
6993
6994
6994
6995
6998
6998
7001
7001
7002
7002
7004
7004
7004
7006
7011
7011
7012
7012
7013
7013
7014
7015
7015
7016
7016
7017
7017
7017
7018
7019
7019
7019
7020
7021
7023
7024
7024
7024
7026
7027
7027
7028
7029
7030
7032
7036
7037
7041
7043
7046
7047
7049
7049
7050
7050
7050
7052
7053
7053
7054
7055
7055
7055
7057
7057
7058
7058
7060
7062
7064
7069
7069
7070
7070
7071
7073
7075
7077
7077
7078
7078
7078
7079
7079
7079
7080
7080
7081
7082
7084
7084
7088
7089
7089
7091
7094
7094
7095
7095
7096
7097
7098
7099
7100
7102
7105
7105
7106
7106
7106
7107
7108
7108
7109
7109
7110
7110
7111
7111
7112
7112
7114
7115
7116
7116
7120
7120
7120
7120
7120
7122
7124
7125
7125
7128
7128
7129
7129
7131
7131
7133
7133
7133
7135
7136
7137
7138
7138
7139
7140
7143
7144
7145
7146
7146
7147
7148
7151
7151
7151
7152
7152
7152
7154
7154
7155
7155
7155
7155
7156
7156
7157
7157
7157
7158
7158
7158
7161
7161
7161
7162
7162
7163
7163
7164
7165
7166
7166
7167
7170
7170
7171
7171
7172
7172
7173
7175
7175
7177
7179
7181
7181
7181
7182
7184
7184
7184
7185
7188
7189
7189
7189
7191
7192
7193
7194
7194
7197
7199
7200
7202
7203
7203
7204
7204
7204
7205
7205
7207
7207
7207
7208
7209
7211
7213
7214
7214
7216
7216
7217
7218
7219
7219
7221
7221
7222
7223
7223
7224
7225
7226
7230
7230
7231
7232
7232
7232
7233
7233
7235
7235
7236
7239
7239
7240
7242
7242
7243
7244
7246
7246
7246
7248
7249
7251
7252
7252
7254
7257
7258
7259
7260
7260
7260
7261
7263
7264
7266
7267
7268
7269
7271
7272
7273
7274
7275
7278
7280
7280
7284
7285
7286
7286
7286
7286
7290
7291
7292
7292
7293
7295
7297
7297
7298
7298
7299
7301
7306
7306
7307
7308
7310
7311
7315
7316
7317
7318
7320
7321
7321
7323
7324
7325
7326
7326
7327
7330
7330
7331
7332
7332
7333
7333
7336
7337
7339
7341
7342
7343
7343
7343
7344
7345
7347
7347
7348
7348
7348
7349
7351
7353
7354
7356
7357
7358
7359
7359
7364
7364
7365
7366
7367
7368
7368
7371
7371
7372
7374
7378
7380
7381
7381
7381
7382
7382
7383
7383
7384
7386
7386
7389
7389
7389
7390
7390
7391
7391
7392
7392
7394
7396
7398
7401
7403
7404
7409
7410
7410
7413
7413
7415
7416
7417
7417
7417
7418
7418
7423
7424
7424
7425
7425
7426
7427
7428
7429
7429
7431
7431
7431
7433
7433
7433
7433
7434
7436
7436
7436
7436
7437
7437
7441
7441
7442
7446
7446
7447
7449
7450
7451
7451
7451
7453
7454
7455
7455
7457
7458
7459
7459
7460
7467
7469
7469
7469
7470
7470
7470
7471
7472
7473
7475
7478
7478
7480
7482
7482
7483
7483
7485
7487
7487
7487
7490
7490
7490
7493
7494
7494
7497
7497
7499
7499
7501
7502
7503
7506
7507
7509
7510
7512
7517
7517
7518
7521
7522
7522
7522
7524
7526
7527
7530
7532
7532
7533
7534
7535
7536
7536
7538
7538
7538
7539
7539
7540
7540
7540
7541
7541
7542
7543
7543
7543
7543
7544
7544
7546
7546
7547
7549
7550
7550
7551
7555
7557
7558
7559
7560
7561
7563
7565
7566
7566
7567
7567
7569
7571
7573
7573
7573
7574
7575
7577
7577
7578
7578
7578
7581
7581
7582
7582
7582
7583
7584
7585
7586
7586
7587
7587
7588
7589
7589
7591
7593
7593
7594
7594
7596
7596
7596
7599
7600
7601
7602
7602
7602
7605
7605
7607
7609
7612
7613
7616
7618
7619
7620
7621
7622
7627
7627
7628
7629
7629
7633
7633
7637
7638
7639
7640
7641
7641
7641
7642
7642
7643
7644
7645
7645
7646
7646
7648
7649
7649
7654
7654
7655
7656
7657
7658
7658
7659
7661
7661
7665
7666
7666
7667
7667
7668
7670
7673
7674
7677
7679
7681
7682
7684
7685
7685
7686
7686
7687
7687
7688
7689
7690
7690
7691
7693
7694
7696
7697
7697
7698
7700
7700
7702
7703
7704
7704
7704
7704
7704
7706
7706
7708
7710
7710
7710
7712
7716
7717
7717
7717
7719
7719
7720
7721
7721
7722
7722
7725
7726
7728
7728
7730
7731
7732
7733
7733
7734
7736
7740
7740
7740
7740
7743
7744
7750
7751
7751
7752
7753
7753
7754
7754
7754
7755
7757
7757
7757
7757
7758
7758
7758
7761
7761
7762
7762
7762
7763
7763
7763
7765
7766
7767
7767
7767
7768
7770
7771
7774
7774
7775
7775
7775
7776
7776
7777
7778
7778
7779
7780
7780
7780
7780
7781
7781
7783
7784
7784
7784
7786
7786
7788
7790
7791
7792
7794
7794
7798
7798
7798
7800
7800
7802
7802
7804
7805
7805
7806
7806
7807
7807
7810
7810
7811
7816
7817
7817
7817
7818
7820
7820
7820
7821
7821
7822
7822
7822
7822
7824
7825
7826
7827
7827
7827
7829
7829
7832
7833
7833
7834
7835
7835
7835
7836
7838
7838
7839
7839
7840
7840
7841
7841
7843
7846
7846
7847
7849
7849
7850
7851
7851
7851
7851
7852
7853
7853
7857
7858
7860
7862
7862
7862
7864
7865
7867
7868
7868
7869
7870
7870
7871
7871
7871
7872
7873
7876
7876
7877
7877
7877
7879
7880
7880
7880
7883
7883
7883
7884
7884
7885
7885
7885
7886
7886
7886
7889
7890
7890
7890
7892
7892
7895
7895
7897
7898
7899
7900
7900
7900
7901
7902
7902
7903
7904
7905
7906
7907
7907
7909
7910
7911
7912
7912
7912
7913
7913
7915
7916
7918
7921
7922
7922
7923
7923
7924
7925
7929
7929
7929
7930
7930
7931
7932
7933
7934
7936
7936
7936
7937
7937
7940
7942
7943
7943
7945
7947
7947
7949
7950
7950
7951
7953
7954
7955
7955
7956
7957
7957
7957
7958
7959
7959
7960
7962
7962
7964
7964
7964
7965
7966
7967
7967
7968
7970
7970
7970
7970
7971
7972
7973
7976
7976
7978
7979
7979
7980
7982
7982
7983
7984
7986
7988
7988
7989
7990
7991
7992
7992
7993
7994
7995
7995
7995
7996
7997
7997
7999
8000
8001
8001
8002
8002
8003
8005
8010
8010
8011
8011
8013
8013
8016
8016
8017
8018
8020
8020
8021
8022
8022
8023
8025
8026
8026
8028
8031
8033
8033
8033
8033
8033
8034
8036
8037
8038
8038
8040
8042
8045
8048
8048
8048
8049
8051
8052
8052
8053
8054
8056
8060
8061
8061
8061
8065
8066
8067
8067
8069
8071
8072
8072
8074
8077
8077
8078
8079
8079
8080
8081
8081
8083
8087
8088
8088
8091
8094
8094
8096
8096
8097
8098
8099
8100
8101
8101
8102
8102
8103
8103
8104
8104
8105
8105
8109
8112
8115
8116
8120
8121
8123
8123
8125
8125
8126
8126
8128
8129
8129
8129
8129
8130
8130
8130
8131
8131
8132
8133
8133
8135
8135
8136
8136
8137
8137
8137
8138
8138
8140
8141
8142
8144
8145
8146
8149
8151
8151
8152
8153
8154
8155
8155
8156
8157
8157
8157
8158
8158
8159
8159
8159
8161
8161
8162
8162
8164
8165
8165
8165
8166
8166
8167
8169
8170
8170
8172
8172
8172
8173
8173
8174
8174
8178
8178
8178
8180
8182
8183
8183
8185
8186
8186
8186
8187
8188
8188
8188
8189
8189
8190
8190
8191
8192
8193
8196
8197
8197
8198
8198
8199
8201
8201
8202
8205
8206
8207
8210
8212
8212
8212
8214
8214
8214
8216
8216
8220
8220
8220
8223
8223
8225
8225
8229
8230
8230
8231
8232
8233
8234
8236
8237
8237
8238
8240
8240
8240
8243
8243
8247
8250
8254
8256
8257
8257
8257
8259
8259
8259
8259
8259
8260
8261
8263
8263
8264
8264
8266
8268
8272
8273
8274
8274
8275
8277
8277
8279
8280
8282
8282
8283
8284
8286
8287
8288
8288
8289
8289
8290
8292
8292
8293
8293
8293
8294
8295
8296
8296
8296
8297
8300
8300
8301
8303
8304
8304
8304
8304
8304
8306
8306
8306
8307
8307
8308
8310
8311
8312
8312
8312
8315
8316
8318
8318
8319
8319
8319
8320
8321
8323
8325
8327
8327
8328
8329
8332
8332
8335
8338
8339
8339
8341
8342
8342
8342
8344
8346
8346
8346
8347
8348
8349
8349
8350
8351
8352
8352
8355
8356
8359
8361
8361
8362
8362
8364
8364
8365
8365
8367
8369
8370
8370
8372
8372
8376
8376
8376
8377
8377
8379
8379
8379
8379
8380
8380
8381
8383
8383
8384
8386
8387
8388
8388
8389
8393
8393
8393
8395
8396
8397
8398
8398
8398
8398
8399
8399
8400
8401
8401
8403
8404
8406
8406
8406
8407
8407
8408
8408
8408
8409
8410
8412
8413
8416
8416
8417
8417
8420
8420
8422
8424
8425
8425
8427
8427
8428
8428
8429
8436
8437
8438
8440
8440
8440
8440
8440
8441
8441
8441
8443
8444
8444
8445
8445
8445
8446
8446
8447
8449
8450
8450
8452
8453
8453
8454
8454
8455
8455
8457
8457
8457
8459
8460
8460
8460
8460
8464
8466
8466
8467
8467
8468
8469
8470
8471
8473
8474
8477
8477
8477
8478
8478
8479
8480
8480
8480
8482
8482
8483
8484
8485
8487
8489
8489
8490
8491
8492
8492
8492
8493
8493
8493
8494
8495
8495
8496
8496
8497
8499
8499
8499
8500
8502
8502
8503
8505
8505
8506
8507
8507
8508
8509
8510
8510
8511
8512
8514
8515
8516
8516
8518
8519
8520
8520
8528
8529
8529
8529
8529
8532
8532
8533
8533
8534
8537
8537
8539
8541
8541
8543
8543
8543
8544
8546
8546
8546
8547
8547
8548
8548
8548
8548
8549
8552
8552
8552
8552
8553
8555
8557
8558
8559
8561
8561
8562
8562
8562
8563
8563
8563
8563
8565
8567
8568
8569
8570
8571
8571
8571
8572
8573
8573
8573
8575
8575
8575
8575
8575
8576
8578
8578
8578
8578
8580
8581
8581
8582
8582
8582
8584
8585
8585
8586
8586
8587
8587
8587
8590
8592
8595
8598
8600
8600
8604
8604
8604
8605
8605
8607
8609
8611
8612
8612
8612
8612
8613
8613
8613
8614
8617
8617
8619
8619
8620
8621
8622
8623
8624
8626
8626
8627
8627
8630
8631
8632
8632
8633
8634
8634
8635
8636
8639
8639
8642
8643
8645
8646
8648
8649
8653
8654
8656
8656
8657
8658
8659
8659
8659
8661
8661
8663
8664
8665
8665
8665
8667
8670
8671
8672
8673
8673
8674
8674
8675
8675
8677
8680
8681
8681
8682
8682
8682
8683
8683
8687
8689
8690
8692
8692
8692
8693
8695
8695
8696
8701
8705
8705
8710
8711
8712
8712
8713
8714
8714
8714
8722
8723
8725
8726
8727
8727
8728
8729
8729
8730
8733
8733
8734
8735
8737
8737
8737
8738
8738
8740
8741
8742
8742
8746
8746
8746
8746
8748
8750
8750
8752
8752
8753
8754
8754
8756
8758
8759
8759
8760
8760
8760
8764
8764
8767
8768
8769
8770
8771
8771
8772
8774
8776
8776
8776
8777
8777
8778
8779
8779
8780
8780
8780
8781
8781
8782
8783
8783
8786
8788
8788
8788
8788
8790
8790
8791
8791
8793
8793
8795
8796
8797
8799
8799
8799
8801
8801
8802
8803
8804
8804
8805
8806
8807
8807
8807
8808
8808
8809
8809
8810
8810
8811
8811
8811
8811
8813
8814
8814
8814
8815
8816
8817
8818
8820
8820
8821
8823
8823
8826
8827
8827
8829
8832
8834
8834
8834
8834
8834
8836
8838
8838
8838
8838
8840
8841
8841
8844
8844
8845
8847
8847
8849
8850
8853
8855
8855
8856
8859
8859
8860
8862
8862
8862
8865
8868
8868
8870
8870
8871
8871
8873
8873
8873
8875
8875
8875
8876
8879
8879
8883
8884
8884
8885
8885
8888
8888
8889
8890
8891
8895
8895
8897
8897
8898
8900
8901
8901
8907
8907
8910
8911
8912
8912
8914
8914
8916
8916
8916
8917
8917
8919
8919
8919
8919
8919
8919
8921
8921
8923
8924
8925
8925
8927
8928
8928
8929
8929
8929
8932
8932
8932
8933
8933
8936
8936
8937
8940
8940
8942
8942
8943
8944
8945
8946
8946
8946
8947
8948
8948
8950
8951
8953
8954
8956
8956
8957
8958
8958
8958
8958
8959
8959
8962
8965
8966
8969
8970
8971
8972
8973
8974
8974
8977
8977
8977
8978
8979
8980
8981
8983
8983
8984
8984
8986
8986
8988
8988
8989
8991
8991
8991
8992
8993
8994
8994
8994
8996
8998
8998
9001
9001
9003
9007
9009
9010
9013
9015
9016
9017
9017
9018
9020
9020
9021
9021
9022
9022
9024
9024
9024
9026
9026
9027
9027
9028
9030
9030
9032
9032
9033
9033
9035
9035
9036
9039
9039
9040
9041
9041
9043
9047
9048
9048
9049
9052
9053
9054
9054
9056
9058
9058
9058
9060
9060
9061
9063
9064
9067
9071
9071
9071
9072
9073
9074
9076
9077
9078
9078
9079
9081
9082
9082
9087
9088
9088
9089
9090
9090
9091
9091
9092
9092
9093
9096
9096
9097
9102
9102
9103
9104
9105
9106
9108
9110
9111
9111
9112
9113
9114
9114
9115
9117
9117
9118
9118
9120
9124
9124
9124
9125
9128
9129
9130
9132
9133
9135
9136
9140
9140
9141
9142
9142
9143
9143
9143
9145
9148
9149
9149
9149
9151
9155
9155
9156
9156
9157
9157
9160
9161
9161
9163
9163
9164
9165
9166
9166
9167
9169
9170
9170
9172
9174
9174
9176
9176
9177
9178
9178
9180
9182
9183
9185
9186
9186
9187
9187
9188
9188
9188
9188
9189
9190
9195
9196
9199
9202
9203
9203
9203
9204
9205
9205
9206
9207
9207
9210
9212
9212
9212
9214
9217
9217
9219
9219
9219
9219
9221
9221
9223
9223
9224
9224
9225
9225
9225
9225
9226
9227
9233
9235
9236
9237
9238
9238
9239
9239
9241
9241
9241
9245
9245
9246
9248
9249
9250
9250
9251
9251
9253
9253
9254
9256
9256
9259
9259
9260
9260
9262
9270
9270
9271
9271
9273
9274
9279
9280
9281
9281
9281
9282
9283
9284
9284
9284
9286
9288
9289
9292
9292
9293
9293
9294
9295
9297
9299
9300
9300
9302
9302
9303
9303
9306
9307
9307
9307
9307
9307
9308
9308
9309
9309
9309
9309
9311
9313
9314
9316
9316
9317
9322
9324
9324
9326
9326
9326
9326
9327
9328
9328
9329
9330
9330
9331
9332
9332
9333
9335
9335
9336
9336
9338
9339
9339
9341
9342
9343
9343
9344
9345
9349
9350
9351
9351
9352
9353
9353
9354
9355
9355
9356
9358
9359
9359
9360
9360
9361
9362
9362
9362
9362
9362
9365
9367
9367
9368
9368
9369
9370
9372
9372
9372
9373
9374
9377
9378
9378
9379
9379
9379
9380
9380
9380
9382
9382
9383
9383
9384
9386
9388
9388
9388
9389
9390
9390
9392
9393
9394
9394
9395
9395
9396
9397
9397
9397
9398
9400
9401
9401
9404
9405
9407
9407
9408
9409
9410
9412
9414
9414
9416
9416
9416
9420
9420
9420
9422
9422
9425
9426
9427
9428
9431
9431
9431
9434
9437
9438
9439
9439
9440
9442
9442
9444
9444
9444
9446
9447
9449
9449
9449
9451
9452
9453
9454
9454
9454
9455
9457
9457
9459
9461
9464
9467
9468
9468
9468
9471
9476
9477
9478
9478
9481
9481
9482
9483
9484
9485
9485
9488
9489
9491
9493
9493
9494
9499
9501
9502
9502
9504
9504
9506
9506
9509
9509
9510
9514
9515
9515
9515
9516
9516
9516
9517
9518
9518
9520
9524
9526
9528
9529
9530
9532
9532
9533
9533
9534
9535
9536
9536
9536
9537
9537
9540
9540
9543
9544
9544
9548
9548
9550
9550
9551
9551
9551
9552
9554
9555
9557
9560
9560
9561
9561
9562
9562
9562
9565
9566
9570
9571
9572
9572
9572
9573
9574
9577
9577
9578
9581
9581
9581
9582
9583
9584
9584
9585
9588
9589
9592
9592
9592
9593
9595
9595
9595
9596
9598
9599
9600
9601
9604
9605
9606
9607
9608
9610
9610
9610
9611
9612
9612
9615
9616
9618
9619
9621
9623
9623
9624
9624
9625
9627
9627
9628
9629
9629
9629
9632
9634
9635
9635
9635
9636
9637
9637
9637
9638
9638
9640
9640
9640
9644
9645
9646
9648
9648
9649
9650
9650
9651
9653
9654
9655
9656
9657
9662
9662
9663
9664
9665
9667
9669
9670
9671
9671
9671
9672
9672
9673
9674
9676
9677
9678
9679
9680
9680
9680
9682
9683
9683
9688
9689
9690
9691
9691
9693
9693
9695
9696
9697
9698
9698
9700
9702
9702
9704
9705
9705
9708
9708
9709
9710
9710
9710
9712
9713
9714
9715
9715
9715
9717
9718
9719
9720
9720
9720
9720
9722
9722
9723
9724
9724
9725
9728
9730
9730
9731
9731
9733
9733
9735
9735
9737
9737
9738
9738
9741
9741
9741
9742
9742
9743
9744
9745
9746
9748
9749
9751
9754
9754
9756
9756
9757
9759
9760
9762
9763
9764
9764
9766
9766
9767
9768
9768
9769
9769
9771
9772
9772
9773
9774
9774
9775
9775
9777
9778
9778
9779
9780
9783
9783
9785
9786
9786
9788
9789
9790
9791
9792
9792
9792
9794
9798
9798
9798
9799
9800
9802
9803
9803
9807
9809
9809
9810
9812
9813
9814
9818
9818
9819
9820
9823
9823
9825
9826
9827
9828
9830
9831
9832
9832
9834
9834
9834
9837
9837
9837
9839
9839
9840
9841
9845
9847
9848
9848
9849
9851
9853
9854
9854
9854
9855
9855
9856
9858
9860
9861
9861
9861
9862
9862
9862
9864
9864
9866
9866
9869
9869
9870
9870
9873
9874
9874
9875
9876
9877
9879
9881
9881
9882
9882
9882
9883
9884
9886
9887
9888
9888
9889
9889
9890
9890
9891
9891
9893
9894
9895
9896
9897
9898
9898
9900
9902
9902
9903
9904
9905
9907
9908
9910
9911
9911
9913
9914
9914
9914
9915
9915
9916
9917
9919
9922
9922
9923
9924
9927
9928
9928
9929
9929
9930
9931
9936
9936
9938
9938
9939
9940
9942
9946
9947
9948
9949
9949
9949
9949
9950
9950
9953
9954
9954
9955
9955
9955
9958
9958
9961
9962
9962
9963
9964
9964
9966
9967
9967
9967
9968
9968
9969
9969
9969
9973
9973
9974
9974
9975
9976
9977
9979
9980
9980
9981
9985
9987
9987
9988
9988
9989
9991
9991
9992
9992
9993
9994
9996
9996
9998
9998
9999
9999
10000
10000
10000
